iter | Obj. | Residual (primal) | Residual (dual) | 
-----------------------------------------------
1 37 2 26 
2 31 1.3 8.7 
3 42 0.51 6.8 
4 43 0.12 2.3 
5 43 0.077 1.3 
6 43 0.056 0.85 
7 43 0.041 0.59 
8 43 0.03 0.41 
9 43 0.021 0.28 
10 43 0.015 0.19 
11 43 0.01 0.13 
12 43 0.0071 0.09 
13 43 0.0048 0.061 
14 43 0.0033 0.041 
15 43 0.0022 0.027 
16 43 0.0014 0.018 
17 43 0.00096 0.012 
18 43 0.00063 0.0078 
19 43 0.00041 0.0051 
20 43 0.00027 0.0034 
21 43 0.00018 0.0022 
22 43 0.00012 0.0015 
-----------------------------------------------
Elapsed time (ms): 2.9e+02
-----------------------------------------------
Solution vector:
 (-0.47,-0.11)
 (-0.22,-0.72)
   (0.85,0.41)
 (0.91,-0.076)
   (-0.2,0.18)
  (-0.13,0.41)
  (0.42,-0.28)
 (-0.37,-0.33)
 (0.081,-0.15)
 (-0.089,0.29)
  (0.11,0.064)
(-0.24,-0.026)
 (-0.2,-0.099)
(-0.26,-0.049)
 (0.03,-0.035)
 (0.28,0.0089)
