iter | Obj. | Residual (primal) | Residual (dual) | 
-----------------------------------------------
1 46 2 29 
2 35 1.3 11 
3 43 0.48 6.7 
4 46 0.3 2.2 
5 45 0.13 1.2 
6 45 0.069 0.68 
7 45 0.037 0.4 
8 45 0.021 0.24 
9 45 0.013 0.13 
10 45 0.0087 0.075 
11 45 0.0059 0.044 
12 45 0.0041 0.028 
13 45 0.0028 0.019 
14 45 0.002 0.013 
15 45 0.0014 0.0086 
16 45 0.00098 0.0059 
17 45 0.0007 0.004 
18 45 0.0005 0.0028 
19 45 0.00036 0.002 
20 45 0.00025 0.0014 
21 45 0.00018 0.00098 
-----------------------------------------------
Elapsed time (ms): 2.8e+02
-----------------------------------------------
Solution vector:
         (0,0)
         (0,0)
         (0,0)
         (0,0)
  (-0.13,0.21)
(-0.039,0.052)
 (-0.15,0.077)
 (-0.13,0.072)
   (0.15,0.46)
  (0.72,-0.85)
 (-0.48,-0.44)
    (-0.9,0.2)
  (0.11,-0.44)
  (-0.54,0.15)
    (0.3,0.81)
 (-0.14,-0.22)
