iter | Obj. | Residual (primal) | Residual (dual) | 
-----------------------------------------------
1 43 1.9 29 
2 27 1.4 6.3 
3 37 0.46 6.3 
4 40 0.2 2.3 
5 40 0.13 1 
6 40 0.073 0.65 
7 40 0.041 0.43 
8 40 0.025 0.28 
9 40 0.018 0.18 
10 40 0.014 0.11 
11 40 0.011 0.068 
12 40 0.0081 0.044 
13 40 0.006 0.034 
14 40 0.0042 0.028 
15 40 0.0029 0.024 
16 40 0.0019 0.019 
17 40 0.0013 0.014 
18 40 0.00092 0.01 
19 40 0.00068 0.0071 
20 40 0.00051 0.0047 
21 40 0.00039 0.003 
22 40 0.00029 0.002 
23 40 0.0002 0.0014 
24 40 0.00014 0.001 
-----------------------------------------------
Elapsed time (ms): 3.1e+02
-----------------------------------------------
Solution vector:
 (0.45,-0.22)
 (0.12,-0.31)
 (-0.14,0.49)
 (-0.17,0.42)
 (0.47,-0.62)
 (0.13,-0.53)
 (-0.19,0.09)
 (0.23,-0.14)
        (0,0)
        (0,0)
        (0,0)
        (0,0)
(-0.48,-0.19)
 (0.09,-0.38)
 (0.81,-0.12)
(-0.71,0.078)
