iter | Obj. | Residual (primal) | Residual (dual) | 
-----------------------------------------------
1 26 2 28 
2 13 1.4 7.7 
3 22 0.72 5.6 
4 28 0.29 3 
5 28 0.12 1.3 
6 27 0.047 0.64 
7 27 0.023 0.28 
8 27 0.015 0.13 
9 27 0.0096 0.075 
10 27 0.006 0.049 
11 27 0.0039 0.032 
12 27 0.0026 0.021 
13 27 0.0018 0.013 
14 27 0.0012 0.0087 
15 27 0.00087 0.0059 
16 27 0.00062 0.004 
17 27 0.00044 0.0028 
18 27 0.00031 0.0019 
19 27 0.00023 0.0013 
20 27 0.00016 0.00095 
21 27 0.00012 0.00067 
-----------------------------------------------
Elapsed time (ms): 3e+02
-----------------------------------------------
Solution vector:
 (-0.15,-0.041)
 (-0.01,-0.047)
  (0.021,-0.17)
(-0.15,-0.0089)
  (0.066,0.086)
  (-0.084,0.22)
 (-0.074,0.032)
  (-0.14,-0.04)
  (0.18,-0.046)
   (-0.31,0.71)
  (-0.69,-0.07)
     (0.38,0.2)
 (0.051,-0.041)
 (-0.084,0.003)
  (0.079,0.075)
 (-0.063,-0.18)
