iter | Obj. | Residual (primal) | Residual (dual) | 
-----------------------------------------------
1 28 2 30 
2 21 1.6 6.3 
3 34 0.3 6.6 
4 36 0.16 1.9 
5 36 0.091 1 
6 36 0.054 0.63 
7 36 0.039 0.37 
8 36 0.031 0.21 
9 36 0.024 0.13 
10 36 0.019 0.088 
11 36 0.014 0.071 
12 36 0.0096 0.062 
13 36 0.0065 0.052 
14 36 0.0042 0.042 
15 36 0.0027 0.032 
16 36 0.0017 0.024 
17 36 0.0011 0.017 
18 36 0.00078 0.011 
19 36 0.0006 0.0075 
20 36 0.00048 0.0047 
21 36 0.00038 0.0029 
22 36 0.00029 0.0018 
23 36 0.00022 0.0011 
24 36 0.00016 0.00083 
-----------------------------------------------
Elapsed time (ms): 3.4e+02
-----------------------------------------------
Solution vector:
     (-1,-0.35)
   (0.29,-0.25)
  (-0.52,-0.31)
    (0.12,0.47)
          (0,0)
          (0,0)
          (0,0)
          (0,0)
(-0.0054,0.042)
  (0.014,-0.05)
(-0.022,-0.051)
 (-0.031,0.045)
 (-0.12,0.0084)
  (0.013,0.021)
    (0.35,0.32)
    (0.56,0.12)
