iter | Obj. | Residual (primal) | Residual (dual) | 
-----------------------------------------------
1 18 1.9 23 
2 14 1.5 4.3 
3 22 0.55 5.3 
4 27 0.18 3.3 
5 27 0.063 0.94 
6 27 0.027 0.38 
7 27 0.015 0.18 
8 27 0.01 0.085 
9 27 0.0068 0.042 
10 27 0.0044 0.024 
11 27 0.0027 0.016 
12 27 0.0017 0.01 
13 27 0.0011 0.0067 
14 27 0.00077 0.0043 
15 27 0.00054 0.0028 
16 27 0.00038 0.0018 
17 27 0.00026 0.0013 
18 27 0.00019 0.00088 
19 27 0.00013 0.00061 
20 27 9.2e-05 0.00043 
-----------------------------------------------
Elapsed time (ms): 2.8e+02
-----------------------------------------------
Solution vector:
    (0.21,0.047)
    (0.24,0.062)
  (0.042,-0.013)
   (-0.34,0.053)
    (0.15,-0.13)
  (-0.058,-0.12)
   (-0.018,0.17)
    (0.06,0.019)
   (-0.64,-0.36)
  (-0.075,0.061)
    (-0.43,0.32)
      (0.2,0.22)
(-0.032,0.00091)
      (0.1,-0.1)
  (0.093,-0.035)
    (0.24,-0.13)
