iter | Obj. | Residual (primal) | Residual (dual) | 
-----------------------------------------------
1 33 2 23 
2 26 1.4 7.1 
3 39 0.44 8.1 
4 40 0.18 2.3 
5 40 0.11 1.5 
6 40 0.08 1.1 
7 40 0.061 0.73 
8 40 0.048 0.49 
9 40 0.036 0.33 
10 40 0.026 0.21 
11 40 0.018 0.14 
12 40 0.012 0.096 
13 40 0.0073 0.064 
14 40 0.0043 0.043 
15 40 0.0025 0.028 
16 40 0.0014 0.018 
17 40 0.00075 0.011 
18 40 0.00044 0.0067 
19 40 0.00029 0.0041 
20 40 0.00021 0.0025 
21 40 0.00016 0.0015 
-----------------------------------------------
Elapsed time (ms): 3e+02
-----------------------------------------------
Solution vector:
  (-0.88,-0.07)
  (-0.23,-0.17)
    (-0.22,0.3)
  (0.59,-0.046)
  (-0.11,0.075)
   (0.36,0.023)
  (-0.03,0.013)
    (0.22,0.14)
  (-0.76,-0.46)
   (0.051,0.22)
  (-0.95,0.098)
  (-0.59,-0.24)
  (0.043,0.023)
(-0.068,-0.013)
 (0.0014,0.017)
 (-0.11,-0.025)
