iter | Obj. | Residual (primal) | Residual (dual) | 
-----------------------------------------------
1 25.2165 1.96311 28.5849 
2 15.856 1.37707 7.82702 
3 29.5627 0.721711 8.06987 
4 30.774 0.202969 2.21627 
5 30.4651 0.120627 0.731182 
6 30.2422 0.0690448 0.501734 
7 30.2042 0.0434679 0.314157 
8 30.2246 0.0287657 0.192547 
9 30.25 0.019423 0.123326 
10 30.2685 0.013179 0.082695 
11 30.2802 0.00893801 0.0568041 
12 30.2876 0.00605374 0.0393508 
13 30.2923 0.00409706 0.0272792 
14 30.2954 0.00277323 0.0188496 
15 30.2976 0.00187925 0.0129563 
16 30.2991 0.00127599 0.0088523 
17 30.3002 0.000868651 0.00601391 
18 30.301 0.000593108 0.00406675 
19 30.3015 0.000406197 0.0027418 
20 30.3019 0.000278978 0.00184663 
21 30.3022 0.000192075 0.00124506 
22 30.3024 0.000132505 0.000841985 
23 30.3025 9.15457e-05 0.000571971 
-----------------------------------------------
Elapsed time (ms): 3.3e+02
-----------------------------------------------
Solution vector:
          (0,0)
          (0,0)
          (0,0)
          (0,0)
  (-0.17,-0.19)
    (0.6,-0.27)
    (0.42,0.33)
  (0.45,-0.066)
    (0.22,0.22)
(-0.091,-0.078)
   (-0.17,0.37)
  (0.071,-0.18)
 (-0.048,0.095)
  (-0.37,-0.37)
 (0.028,-0.058)
  (0.038,0.082)
