iter | Obj. | Residual (primal) | Residual (dual) | 
-----------------------------------------------
1 35 1.9 26 
2 26 1.4 7.6 
3 40 0.43 8.5 
4 41 0.24 2.3 
5 40 0.14 1.2 
6 40 0.091 0.76 
7 40 0.062 0.48 
8 40 0.04 0.31 
9 40 0.024 0.21 
10 40 0.013 0.14 
11 40 0.0062 0.087 
12 40 0.0031 0.051 
13 40 0.0019 0.029 
14 40 0.0014 0.015 
15 40 0.0011 0.0085 
16 40 0.00079 0.0052 
17 40 0.00051 0.0035 
18 40 0.0003 0.0025 
19 40 0.00016 0.0017 
-----------------------------------------------
Elapsed time (ms): 2.5e+02
-----------------------------------------------
Solution vector:
         (0,0)
         (0,0)
         (0,0)
         (0,0)
  (0.24,-0.11)
  (-0.49,0.49)
  (0.17,-0.41)
    (1.1,0.23)
(0.021,-0.036)
  (0.1,-0.028)
 (0.037,0.017)
 (-0.11,0.014)
 (-0.69,0.079)
   (0.27,0.43)
  (-0.2,-0.85)
 (0.029,-0.14)
