iter | Obj. | Residual (primal) | Residual (dual) | 
-----------------------------------------------
1 30 2 23 
2 31 1 12 
3 35 0.57 5.4 
4 38 0.24 2.4 
5 38 0.14 1.2 
6 38 0.089 0.66 
7 38 0.055 0.4 
8 38 0.032 0.27 
9 38 0.018 0.19 
10 38 0.0096 0.13 
11 38 0.0055 0.087 
12 38 0.0035 0.058 
13 38 0.0025 0.038 
14 38 0.0017 0.025 
15 38 0.0012 0.017 
16 38 0.00076 0.012 
17 38 0.0005 0.0091 
18 38 0.00033 0.007 
19 38 0.00024 0.0055 
20 38 0.00019 0.0043 
21 38 0.00016 0.0034 
22 38 0.00013 0.0026 
23 38 0.0001 0.002 
24 38 8.1e-05 0.0016 
-----------------------------------------------
Elapsed time (ms): 3.4e+02
-----------------------------------------------
Solution vector:
(-0.23,-0.00054)
    (0.27,0.078)
    (0.22,-0.17)
   (0.29,-0.049)
     (0.26,0.14)
   (-0.35,-0.14)
   (-0.036,0.35)
  (-0.035,0.044)
    (0.15,0.088)
   (-0.037,0.14)
   (0.0009,0.17)
  (-0.16,-0.012)
     (0.35,0.46)
    (-0.68,0.11)
     (1.1,-0.28)
      (0.3,0.71)
