iter | Obj. | Residual (primal) | Residual (dual) | 
-----------------------------------------------
1 29 2 24 
2 33 1.4 6.9 
3 41 0.37 6.3 
4 43 0.11 2.3 
5 42 0.063 1.2 
6 42 0.044 0.8 
7 43 0.033 0.56 
8 43 0.025 0.39 
9 43 0.018 0.27 
10 43 0.013 0.19 
11 43 0.0095 0.13 
12 43 0.0066 0.089 
13 43 0.0046 0.06 
14 43 0.0032 0.041 
15 43 0.0022 0.028 
16 43 0.0015 0.019 
17 43 0.00099 0.012 
18 43 0.00066 0.0084 
19 43 0.00044 0.0056 
20 43 0.0003 0.0037 
21 43 0.0002 0.0025 
22 43 0.00013 0.0016 
-----------------------------------------------
Elapsed time (ms): 3e+02
-----------------------------------------------
Solution vector:
(-0.21,-0.037)
(-0.026,-0.13)
   (0.3,0.088)
 (0.018,-0.29)
  (0.47,-0.15)
 (-0.089,0.63)
   (0.9,-0.69)
  (0.48,-0.29)
(0.22,-0.0048)
 (0.027,-0.15)
 (-0.089,0.16)
 (0.0088,0.13)
    (0.6,-0.5)
   (0.11,0.44)
     (0.2,0.1)
(-0.025,0.062)
