iter | Obj. | Residual (primal) | Residual (dual) | 
-----------------------------------------------
1 29 2 28 
2 21 1.3 6.5 
3 34 0.52 7 
4 35 0.12 1.6 
5 35 0.064 0.63 
6 36 0.037 0.38 
7 36 0.022 0.23 
8 36 0.014 0.14 
9 36 0.0088 0.089 
10 36 0.0057 0.055 
11 36 0.0037 0.034 
12 36 0.0024 0.021 
13 36 0.0016 0.013 
14 36 0.001 0.0079 
15 36 0.00068 0.0049 
16 36 0.00045 0.003 
17 36 0.00029 0.0019 
18 36 0.00019 0.0012 
19 36 0.00012 0.00075 
-----------------------------------------------
Elapsed time (ms): 2.5e+02
-----------------------------------------------
Solution vector:
  (0.14,0.044)
(0.036,-0.023)
  (0.01,0.041)
 (-0.12,-0.11)
  (-0.44,0.32)
   (0.26,0.15)
   (-0.74,0.4)
  (-0.33,0.41)
 (-0.41,-0.42)
  (0.36,0.047)
 (-0.013,0.47)
 (0.27,-0.048)
(-0.43,-0.092)
   (0.33,0.27)
   (0.13,0.22)
 (0.32,-0.028)
