iter | Obj. | Residual (primal) | Residual (dual) | 
-----------------------------------------------
1 27 2 24 
2 15 1.5 6.2 
3 29 0.51 8.1 
4 30 0.2 1.7 
5 30 0.094 0.74 
6 30 0.041 0.41 
7 30 0.022 0.21 
8 30 0.013 0.12 
9 30 0.0077 0.076 
10 30 0.0046 0.053 
11 30 0.0029 0.036 
12 30 0.002 0.024 
13 30 0.0014 0.016 
14 30 0.00096 0.011 
15 30 0.00064 0.0076 
16 30 0.00043 0.0053 
17 30 0.0003 0.0037 
18 30 0.00021 0.0025 
19 30 0.00015 0.0018 
20 30 0.00011 0.0012 
-----------------------------------------------
Elapsed time (ms): 2.7e+02
-----------------------------------------------
Solution vector:
           (0,0)
           (0,0)
           (0,0)
           (0,0)
   (-0.24,-0.39)
     (0.7,-0.24)
    (0.23,-0.17)
   (-0.12,-0.14)
    (0.11,-0.45)
   (-0.19,-0.43)
    (0.05,-0.53)
     (0.11,0.25)
     (-0.17,0.4)
  (-0.031,-0.12)
(-0.00087,-0.31)
    (0.27,0.084)
