iter | Obj. | Residual (primal) | Residual (dual) | 
-----------------------------------------------
1 28 1.8 30 
2 20 1.4 5.6 
3 34 0.52 7.2 
4 36 0.11 1.6 
5 36 0.06 0.44 
6 36 0.033 0.24 
7 36 0.019 0.14 
8 36 0.011 0.075 
9 36 0.0064 0.043 
10 36 0.0038 0.027 
11 36 0.0023 0.017 
12 36 0.0014 0.011 
13 36 0.00083 0.0074 
14 36 0.0005 0.0049 
15 36 0.0003 0.0032 
16 36 0.00019 0.0021 
17 36 0.00011 0.0013 
-----------------------------------------------
Elapsed time (ms): 2.4e+02
-----------------------------------------------
Solution vector:
 (0.29,-0.063)
  (-0.15,0.12)
 (0.063,-0.17)
 (0.077,0.059)
 (-0.14,0.072)
(0.057,-0.011)
 (0.028,0.063)
 (0.092,0.012)
   (0.21,0.43)
   (0.37,0.47)
(-0.041,0.027)
 (-0.15,0.023)
  (0.23,-0.38)
     (0.5,0.5)
 (-0.071,0.18)
 (-0.48,-0.51)
