iter | Obj. | Residual (primal) | Residual (dual) | 
-----------------------------------------------
1 27 1.9 31 
2 19 1.4 6.1 
3 34 0.49 7.8 
4 34 0.11 1.7 
5 34 0.057 0.74 
6 34 0.034 0.49 
7 34 0.024 0.33 
8 34 0.017 0.23 
9 34 0.012 0.16 
10 34 0.0089 0.1 
11 34 0.0063 0.069 
12 34 0.0043 0.045 
13 34 0.0029 0.029 
14 34 0.0019 0.018 
15 34 0.0012 0.011 
16 34 0.00078 0.007 
17 34 0.00048 0.0042 
18 34 0.0003 0.0025 
19 34 0.00018 0.0015 
20 34 0.00011 0.00086 
-----------------------------------------------
Elapsed time (ms): 2.7e+02
-----------------------------------------------
Solution vector:
(0.13,-0.047)
 (0.4,-0.086)
(-0.17,0.047)
  (0.18,0.24)
(-0.081,0.18)
 (0.37,-0.19)
(-0.31,-0.24)
  (0.3,-0.41)
(-0.021,0.28)
 (-0.21,0.19)
  (0.43,0.22)
 (-0.19,0.19)
(-0.56,-0.15)
(-0.073,0.42)
(-0.26,0.074)
(-0.27,-0.15)
