iter | Obj. | Residual (primal) | Residual (dual) | 
-----------------------------------------------
1 44 2 29 
2 25 1.3 9.2 
3 35 0.66 6.9 
4 37 0.24 2.3 
5 38 0.14 0.91 
6 38 0.073 0.57 
7 38 0.035 0.42 
8 38 0.017 0.32 
9 38 0.012 0.23 
10 38 0.011 0.17 
11 38 0.0091 0.12 
12 38 0.0071 0.088 
13 38 0.0053 0.063 
14 38 0.0038 0.046 
15 38 0.0026 0.033 
16 38 0.0018 0.024 
17 38 0.0012 0.018 
18 38 0.00082 0.013 
19 38 0.00056 0.01 
20 38 0.00039 0.0075 
21 38 0.00028 0.0057 
22 38 0.00021 0.0044 
23 38 0.00015 0.0033 
24 38 0.00012 0.0026 
25 38 9e-05 0.002 
-----------------------------------------------
Elapsed time (ms): 3.4e+02
-----------------------------------------------
Solution vector:
(-0.23,-0.00039)
    (0.27,0.078)
    (0.22,-0.17)
   (0.29,-0.049)
     (0.26,0.13)
   (-0.35,-0.14)
   (-0.036,0.35)
  (-0.035,0.044)
    (0.15,0.088)
   (-0.037,0.14)
  (0.00089,0.17)
  (-0.16,-0.012)
     (0.35,0.46)
    (-0.68,0.11)
     (1.1,-0.28)
      (0.3,0.71)
