iter | Obj. | Residual (primal) | Residual (dual) | 
-----------------------------------------------
1 41 2 25 
2 26 1.4 8.4 
3 38 0.57 5.9 
4 41 0.18 2 
5 41 0.079 0.9 
6 41 0.039 0.52 
7 41 0.021 0.3 
8 42 0.018 0.15 
9 41 0.0095 0.071 
10 41 0.004 0.043 
11 41 0.0017 0.026 
12 41 0.00093 0.015 
13 41 0.00064 0.008 
14 41 0.00042 0.0044 
15 41 0.00025 0.0026 
16 41 0.00013 0.0016 
-----------------------------------------------
Elapsed time (ms): 2.3e+02
-----------------------------------------------
Solution vector:
  (0.25,-0.17)
  (-0.62,0.36)
  (0.15,-0.47)
   (0.25,0.96)
(-0.063,-0.24)
(-0.11,-0.017)
   (0.22,0.31)
 (-0.053,-0.2)
         (0,0)
         (0,0)
         (0,0)
         (0,0)
 (-0.72,-0.34)
   (0.59,0.03)
  (0.36,-0.54)
(-0.52,0.0044)
