iter | Obj. | Residual (primal) | Residual (dual) | 
-----------------------------------------------
1 36 2 24 
2 30 1.4 6.9 
3 41 0.46 6.8 
4 43 0.13 1.8 
5 43 0.066 0.68 
6 43 0.037 0.4 
7 43 0.022 0.26 
8 43 0.013 0.17 
9 43 0.0079 0.12 
10 43 0.0051 0.084 
11 43 0.0035 0.06 
12 43 0.0025 0.042 
13 43 0.0018 0.03 
14 43 0.0013 0.021 
15 43 0.00097 0.015 
16 43 0.00071 0.01 
17 43 0.00051 0.0072 
18 43 0.00036 0.005 
19 43 0.00026 0.0035 
20 43 0.00018 0.0024 
21 43 0.00013 0.0017 
-----------------------------------------------
Elapsed time (ms): 2.9e+02
-----------------------------------------------
Solution vector:
  (-0.17,-0.18)
  (0.38,0.0013)
 (-0.17,-0.083)
  (-0.066,0.44)
  (0.18,-0.093)
(-0.048,-0.058)
  (-0.013,0.08)
  (0.15,-0.065)
   (0.69,-0.46)
    (-0.2,-0.1)
  (-0.063,0.38)
 (-0.023,0.037)
   (-0.32,0.48)
 (-0.016,-0.15)
   (0.28,-0.36)
     (1.2,0.46)
