iter | Obj. | Residual (primal) | Residual (dual) | 
-----------------------------------------------
1 32 2 27 
2 23 1.3 7.2 
3 35 0.48 7.2 
4 37 0.14 1.7 
5 37 0.074 0.84 
6 37 0.045 0.52 
7 37 0.031 0.32 
8 37 0.021 0.19 
9 37 0.015 0.12 
10 37 0.0098 0.071 
11 37 0.0063 0.043 
12 37 0.0039 0.026 
13 37 0.0023 0.017 
14 37 0.0013 0.011 
15 37 0.00074 0.007 
16 37 0.0004 0.0047 
17 37 0.00021 0.0032 
18 37 0.00012 0.0022 
19 37 7.9e-05 0.0015 
-----------------------------------------------
Elapsed time (ms): 2.7e+02
-----------------------------------------------
Solution vector:
   (0.13,0.14)
 (-0.22,-0.13)
(-0.084,-0.19)
(-0.24,-0.038)
 (0.33,-0.045)
  (0.021,0.25)
 (-0.14,-0.17)
 (0.038,-0.23)
(-0.078,-0.19)
 (-0.34,0.063)
  (-0.44,-0.1)
   (0.13,0.17)
   (0.19,0.12)
  (-0.14,-1.2)
  (0.41,-0.12)
   (0.42,0.28)
