iter | Obj. | Residual (primal) | Residual (dual) | 
-----------------------------------------------
1 41 2 25 
2 38 1.1 10 
3 47 0.45 6 
4 48 0.19 2.6 
5 48 0.11 1.7 
6 48 0.076 1 
7 49 0.066 0.49 
8 48 0.026 0.29 
9 48 0.014 0.18 
10 48 0.0086 0.11 
11 48 0.0053 0.074 
12 48 0.0033 0.048 
13 48 0.0021 0.031 
14 48 0.0013 0.02 
15 48 0.00084 0.013 
16 48 0.00054 0.0088 
17 48 0.00035 0.0058 
18 48 0.00023 0.0038 
19 48 0.00015 0.0026 
20 48 9.8e-05 0.0017 
-----------------------------------------------
Elapsed time (ms): 2.9e+02
-----------------------------------------------
Solution vector:
    (1.2,-0.21)
  (-0.36,-0.31)
  (-0.49,-0.93)
    (0.18,0.29)
          (0,0)
          (0,0)
          (0,0)
          (0,0)
   (-0.11,0.51)
(-0.47,-0.0024)
   (0.37,-0.26)
  (0.0082,0.16)
   (0.16,-0.29)
   (0.53,-0.11)
    (0.31,0.37)
    (0.13,0.37)
