iter | Obj. | Residual (primal) | Residual (dual) | 
-----------------------------------------------
1 34 2 28 
2 14 1.3 6.6 
3 19 0.87 3.6 
4 26 0.2 4.2 
5 27 0.061 1.2 
6 27 0.029 0.37 
7 27 0.018 0.15 
8 27 0.011 0.069 
9 27 0.0074 0.038 
10 27 0.0048 0.024 
11 27 0.0031 0.016 
12 27 0.0021 0.01 
13 27 0.0014 0.007 
14 27 0.00095 0.0047 
15 27 0.00065 0.0032 
16 27 0.00045 0.0021 
17 27 0.00032 0.0014 
18 27 0.00022 0.00099 
19 27 0.00016 0.00068 
20 27 0.00011 0.00047 
-----------------------------------------------
Elapsed time (ms): 2.8e+02
-----------------------------------------------
Solution vector:
    (0.21,0.047)
    (0.24,0.062)
  (0.042,-0.013)
   (-0.34,0.053)
    (0.15,-0.13)
  (-0.058,-0.12)
   (-0.018,0.17)
    (0.06,0.019)
   (-0.64,-0.36)
  (-0.075,0.061)
    (-0.43,0.32)
      (0.2,0.22)
(-0.032,0.00089)
      (0.1,-0.1)
  (0.093,-0.035)
    (0.24,-0.13)
