iter | Obj. | Residual (primal) | Residual (dual) | 
-----------------------------------------------
1 41 2 28 
2 37 1.4 7.6 
3 47 0.3 6.7 
4 48 0.1 1.9 
5 48 0.063 1.3 
6 49 0.066 0.69 
7 49 0.037 0.42 
8 48 0.019 0.28 
9 48 0.012 0.18 
10 48 0.0073 0.12 
11 48 0.0047 0.08 
12 48 0.0031 0.053 
13 48 0.002 0.035 
14 48 0.0013 0.023 
15 48 0.00089 0.016 
16 48 0.00059 0.01 
17 48 0.00039 0.007 
18 48 0.00026 0.0047 
19 48 0.00018 0.0031 
20 48 0.00012 0.0021 
21 48 7.8e-05 0.0014 
-----------------------------------------------
Elapsed time (ms): 3e+02
-----------------------------------------------
Solution vector:
    (1.2,-0.21)
  (-0.36,-0.31)
  (-0.49,-0.93)
    (0.18,0.29)
          (0,0)
          (0,0)
          (0,0)
          (0,0)
   (-0.11,0.51)
(-0.46,-0.0024)
   (0.37,-0.26)
  (0.0082,0.16)
   (0.16,-0.29)
   (0.53,-0.11)
    (0.31,0.37)
    (0.13,0.37)
