iter | Obj. | Residual (primal) | Residual (dual) | 
-----------------------------------------------
1 24 1.9 31 
2 24 1.4 4.6 
3 37 0.35 7.9 
4 37 0.13 1.2 
5 37 0.071 0.56 
6 37 0.036 0.31 
7 37 0.017 0.16 
8 37 0.0079 0.086 
9 37 0.0038 0.045 
10 37 0.002 0.025 
11 37 0.0012 0.014 
12 37 0.00073 0.008 
13 37 0.00046 0.0047 
14 37 0.00029 0.0028 
15 37 0.00018 0.0016 
16 37 0.00011 0.00095 
-----------------------------------------------
Elapsed time (ms): 2.3e+02
-----------------------------------------------
Solution vector:
    (0.14,0.19)
   (-0.41,0.27)
    (-0.4,-0.1)
  (0.18,-0.054)
     (0.4,0.27)
   (0.096,0.55)
   (-0.37,0.15)
(-0.069,-0.062)
    (0.28,0.13)
   (-0.36,0.64)
   (0.3,-0.045)
    (0.22,0.41)
  (0.21,0.0038)
   (0.27,-0.14)
  (0.0085,-0.1)
 (-0.094,0.051)
