iter | Obj. | Residual (primal) | Residual (dual) | 
-----------------------------------------------
1 26 2 25 
2 22 1.4 6.2 
3 35 0.48 7.5 
4 35 0.12 1.4 
5 35 0.067 0.53 
6 35 0.04 0.29 
7 35 0.022 0.16 
8 35 0.012 0.096 
9 35 0.0063 0.059 
10 35 0.0031 0.038 
11 35 0.0015 0.024 
12 35 0.00089 0.016 
13 35 0.00064 0.01 
14 35 0.0005 0.0062 
15 35 0.00037 0.0038 
16 35 0.00026 0.0023 
17 35 0.00017 0.0013 
18 35 0.00011 0.00077 
-----------------------------------------------
Elapsed time (ms): 2.7e+02
-----------------------------------------------
Solution vector:
   (-0.22,0.26)
  (-0.19,-0.08)
   (-0.32,0.19)
    (-0.2,0.14)
  (0.019,-0.26)
   (0.08,0.051)
 (-0.099,-0.18)
  (0.048,0.066)
     (0.1,0.35)
   (0.26,-0.22)
 (-0.0093,0.26)
(-0.0028,-0.99)
  (-0.48,-0.12)
 (-0.024,0.065)
  (0.005,-0.51)
   (0.36,-0.14)
