iter | Obj. | Residual (primal) | Residual (dual) | 
-----------------------------------------------
1 44 2 29 
2 27 1.4 5.9 
3 36 0.47 6.1 
4 39 0.17 2 
5 40 0.083 1.2 
6 40 0.048 0.62 
7 40 0.033 0.36 
8 40 0.023 0.23 
9 40 0.016 0.15 
10 40 0.012 0.096 
11 40 0.0088 0.063 
12 40 0.0066 0.042 
13 40 0.005 0.029 
14 40 0.0038 0.02 
15 40 0.0029 0.013 
16 40 0.0022 0.0094 
17 40 0.0016 0.0066 
18 40 0.0012 0.0048 
19 40 0.00094 0.0035 
20 40 0.00071 0.0027 
21 40 0.00054 0.002 
22 40 0.00041 0.0016 
23 40 0.00031 0.0012 
24 40 0.00023 0.00093 
25 40 0.00018 0.00073 
26 40 0.00013 0.00056 
-----------------------------------------------
Elapsed time (ms): 3.6e+02
-----------------------------------------------
Solution vector:
    (0.3,-0.074)
   (-0.25,-0.15)
    (0.2,0.0078)
    (-0.18,0.27)
    (-0.19,0.57)
   (-0.41,-0.12)
     (0.12,0.38)
  (-0.023,-0.37)
  (-0.005,0.049)
   (0.023,0.019)
(-0.066,0.00043)
 (0.00031,0.042)
    (0.36,-0.78)
     (0.3,-0.13)
     (0.38,0.15)
    (0.45,-0.64)
