iter | Obj. | Residual (primal) | Residual (dual) | 
-----------------------------------------------
1 17 1.7 28 
2 16 1.2 5.5 
3 26 0.43 6.6 
4 28 0.25 1.9 
5 29 0.19 0.89 
6 29 0.12 0.93 
7 29 0.072 0.65 
8 29 0.047 0.43 
9 29 0.031 0.29 
10 28 0.02 0.19 
11 28 0.013 0.13 
12 28 0.0082 0.085 
13 28 0.0056 0.054 
14 28 0.0039 0.033 
15 28 0.0028 0.02 
16 28 0.002 0.012 
17 28 0.0014 0.0071 
18 28 0.001 0.0045 
19 28 0.00074 0.0031 
20 28 0.00054 0.0022 
21 28 0.0004 0.0016 
22 28 0.0003 0.0012 
23 28 0.00022 0.00092 
24 28 0.00017 0.00068 
25 28 0.00013 0.00051 
-----------------------------------------------
Elapsed time (ms): 3.6e+02
-----------------------------------------------
Solution vector:
   (0.014,0.16)
 (0.22,-0.0034)
   (0.28,0.038)
 (-0.043,-0.21)
 (-0.03,-0.014)
(-0.075,-0.023)
 (-0.058,0.041)
(-0.078,0.0043)
 (-0.099,0.062)
   (0.11,-0.11)
  (0.0069,0.01)
(0.0019,-0.046)
   (0.46,0.079)
  (-0.71,-0.66)
    (-0.71,0.2)
   (-0.33,0.23)
