iter | Obj. | Residual (primal) | Residual (dual) | 
-----------------------------------------------
1 42 1.9 28 
2 17 1.5 8.5 
3 32 0.81 8.4 
4 35 0.15 3 
5 35 0.053 1.3 
6 35 0.038 0.79 
7 35 0.028 0.52 
8 35 0.02 0.35 
9 35 0.014 0.24 
10 35 0.01 0.16 
11 35 0.0072 0.11 
12 35 0.0051 0.071 
13 35 0.0036 0.047 
14 35 0.0025 0.031 
15 35 0.0017 0.02 
16 35 0.0012 0.013 
17 35 0.0008 0.0086 
18 35 0.00054 0.0055 
19 35 0.00037 0.0036 
20 35 0.00025 0.0023 
21 35 0.00016 0.0015 
22 35 0.00011 0.00093 
-----------------------------------------------
Elapsed time (ms): 3.1e+02
-----------------------------------------------
Solution vector:
    (0.53,-0.19)
    (0.25,-0.13)
     (0.21,0.62)
     (0.21,0.57)
    (0.11,-0.15)
 (-0.015,-0.095)
  (-0.35,-0.081)
    (-0.2,0.086)
    (-0.11,0.26)
(-0.0094,-0.087)
   (-0.22,-0.13)
    (0.25,0.041)
  (-0.015,-0.08)
   (0.051,-0.28)
  (-0.63,-0.094)
 (-0.083,-0.087)
