iter | Obj. | Residual (primal) | Residual (dual) | 
-----------------------------------------------
1 31 2 29 
2 22 1.4 8.2 
3 34 0.55 6.2 
4 36 0.16 1.8 
5 36 0.08 1.1 
6 36 0.049 0.83 
7 36 0.036 0.62 
8 36 0.029 0.47 
9 36 0.023 0.35 
10 37 0.018 0.27 
11 37 0.013 0.2 
12 37 0.0097 0.15 
13 37 0.0073 0.11 
14 37 0.0054 0.086 
15 37 0.0041 0.065 
16 37 0.0031 0.049 
17 37 0.0023 0.037 
18 37 0.0018 0.027 
19 37 0.0013 0.021 
20 37 0.001 0.016 
21 37 0.00076 0.012 
22 37 0.00058 0.0088 
23 37 0.00044 0.0066 
24 37 0.00033 0.005 
25 37 0.00025 0.0037 
26 37 0.00019 0.0028 
27 37 0.00014 0.0021 
28 37 0.00011 0.0016 
-----------------------------------------------
Elapsed time (ms): 3.8e+02
-----------------------------------------------
Solution vector:
(0.0047,0.012)
(0.011,-0.068)
(0.042,-0.002)
 (0.025,0.031)
   (0.13,0.36)
 (-0.089,0.13)
(0.011,-0.018)
(-0.093,-0.24)
 (-0.13,-0.07)
  (0.03,-0.12)
   (-0.1,0.19)
(-0.37,-0.094)
   (-0.53,1.2)
   (0.35,0.55)
 (-0.82,-0.26)
    (0.4,0.53)
