iter | Obj. | Residual (primal) | Residual (dual) | 
-----------------------------------------------
1 24 1.9 21 
2 27 1.4 8.2 
3 37 0.3 5.5 
4 39 0.12 1.8 
5 39 0.05 0.69 
6 39 0.026 0.4 
7 39 0.015 0.26 
8 39 0.01 0.18 
9 39 0.0069 0.12 
10 39 0.0049 0.084 
11 39 0.0035 0.058 
12 39 0.0025 0.039 
13 39 0.0018 0.027 
14 39 0.0013 0.018 
15 39 0.00099 0.012 
16 39 0.00072 0.0084 
17 39 0.00053 0.0057 
18 39 0.00038 0.0038 
19 39 0.00028 0.0026 
20 39 0.0002 0.0017 
21 39 0.00015 0.0011 
-----------------------------------------------
Elapsed time (ms): 3e+02
-----------------------------------------------
Solution vector:
(0.09,0.064)
(0.12,-0.17)
(0.011,0.11)
(0.12,0.025)
 (0.3,-0.47)
(-0.31,0.26)
(-0.2,-0.53)
  (0.2,0.18)
 (0.59,-0.1)
 (0.59,0.39)
 (0.03,0.36)
(0.14,-0.36)
(0.066,0.28)
(0.035,0.38)
(0.49,-0.13)
(0.026,-0.1)
