iter | Obj. | Residual (primal) | Residual (dual) | 
-----------------------------------------------
1 38 2 27 
2 10 1.4 7.9 
3 25 0.73 7.8 
4 28 0.13 2 
5 28 0.06 0.42 
6 28 0.033 0.21 
7 28 0.019 0.11 
8 28 0.011 0.064 
9 28 0.0061 0.041 
10 28 0.0033 0.028 
11 28 0.0017 0.019 
12 28 0.00082 0.014 
13 28 0.00041 0.0094 
14 28 0.00028 0.0063 
15 28 0.00024 0.0041 
16 28 0.0002 0.0026 
17 28 0.00016 0.0016 
18 28 0.00011 0.00098 
-----------------------------------------------
Elapsed time (ms): 2.5e+02
-----------------------------------------------
Solution vector:
  (-0.18,-0.15)
  (-0.19,-0.18)
   (-0.15,0.16)
     (0.47,0.1)
(-0.019,-0.045)
   (0.12,0.078)
     (0.36,0.4)
   (0.25,-0.29)
(-0.097,-0.078)
   (0.047,0.43)
 (-0.6,-0.0038)
    (0.26,0.13)
   (0.091,0.18)
  (0.045,-0.28)
   (0.2,-0.097)
(-0.094,-0.029)
