iter | Obj. | Residual (primal) | Residual (dual) | 
-----------------------------------------------
1 31 2 27 
2 29 1.4 8 
3 39 0.48 6.1 
4 40 0.16 1.6 
5 40 0.096 0.75 
6 40 0.059 0.44 
7 40 0.034 0.29 
8 40 0.019 0.19 
9 40 0.011 0.12 
10 40 0.0061 0.07 
11 40 0.0037 0.039 
12 40 0.0023 0.021 
13 40 0.0014 0.012 
14 40 0.0008 0.0074 
15 40 0.00042 0.0046 
16 40 0.00021 0.0028 
17 40 9.6e-05 0.0016 
-----------------------------------------------
Elapsed time (ms): 2.2e+02
-----------------------------------------------
Solution vector:
         (0,0)
         (0,0)
         (0,0)
         (0,0)
  (0.24,-0.11)
  (-0.49,0.49)
  (0.17,-0.41)
    (1.1,0.23)
(0.021,-0.036)
  (0.1,-0.028)
 (0.037,0.017)
 (-0.11,0.014)
 (-0.69,0.079)
   (0.27,0.43)
  (-0.2,-0.85)
 (0.029,-0.14)
