iter | Obj. | Residual (primal) | Residual (dual) | 
-----------------------------------------------
1 39 2 28 
2 26 1.4 6.3 
3 41 0.4 7.4 
4 42 0.12 1.3 
5 42 0.063 0.71 
6 42 0.037 0.44 
7 42 0.023 0.29 
8 42 0.015 0.19 
9 42 0.01 0.13 
10 42 0.0069 0.091 
11 42 0.0046 0.064 
12 42 0.0032 0.046 
13 42 0.0023 0.034 
14 42 0.0016 0.025 
15 42 0.0012 0.018 
16 42 0.00086 0.013 
17 42 0.00064 0.0099 
18 42 0.00047 0.0073 
19 42 0.00035 0.0054 
20 42 0.00026 0.004 
21 42 0.00019 0.003 
22 42 0.00014 0.0022 
23 42 0.00011 0.0016 
-----------------------------------------------
Elapsed time (ms): 3.4e+02
-----------------------------------------------
Solution vector:
  (0.25,-0.34)
(-0.29,-0.038)
 (0.17,-0.066)
 (-0.11,-0.13)
 (0.078,-0.36)
    (0.45,0.4)
(-0.0081,0.17)
 (-0.065,0.35)
(-0.011,-0.15)
 (0.087,-0.37)
  (0.28,0.029)
 (-0.54,-0.16)
   (0.42,0.39)
 (-0.14,0.023)
 (0.21,0.0041)
   (-0.34,0.9)
