iter | Obj. | Residual (primal) | Residual (dual) | 
-----------------------------------------------
1 44 2 30 
2 29 1.3 9.3 
3 38 0.53 6.1 
4 40 0.19 2.3 
5 40 0.11 1.2 
6 40 0.068 0.73 
7 40 0.044 0.45 
8 40 0.028 0.27 
9 40 0.017 0.17 
10 40 0.01 0.1 
11 40 0.0057 0.061 
12 40 0.003 0.036 
13 40 0.0016 0.02 
14 40 0.00079 0.011 
15 40 0.00044 0.0058 
16 40 0.00027 0.0028 
17 40 0.00018 0.0013 
-----------------------------------------------
Elapsed time (ms): 2.3e+02
-----------------------------------------------
Solution vector:
         (0,0)
         (0,0)
         (0,0)
         (0,0)
  (0.24,-0.11)
  (-0.49,0.49)
  (0.17,-0.41)
    (1.1,0.23)
(0.021,-0.036)
  (0.1,-0.028)
 (0.037,0.017)
 (-0.11,0.014)
 (-0.69,0.079)
   (0.27,0.43)
  (-0.2,-0.85)
 (0.029,-0.14)
