iter | Obj. | Residual (primal) | Residual (dual) | 
-----------------------------------------------
1 40 2 28 
2 25 1.3 8.1 
3 36 0.44 7.9 
4 38 0.25 2.3 
5 37 0.12 1.3 
6 36 0.073 0.91 
7 36 0.052 0.64 
8 36 0.039 0.46 
9 36 0.03 0.33 
10 36 0.023 0.24 
11 36 0.018 0.17 
12 36 0.013 0.13 
13 36 0.01 0.09 
14 36 0.0077 0.064 
15 36 0.0057 0.046 
16 36 0.0042 0.032 
17 36 0.0031 0.022 
18 36 0.0023 0.016 
19 36 0.0016 0.011 
20 36 0.0012 0.0075 
21 36 0.00082 0.0052 
22 36 0.00058 0.0036 
23 36 0.0004 0.0025 
24 36 0.00028 0.0018 
25 36 0.00019 0.0013 
-----------------------------------------------
Elapsed time (ms): 3.3e+02
-----------------------------------------------
Solution vector:
   (-0.15,0.17)
 (-0.037,-0.63)
    (0.3,-0.27)
   (0.12,-0.41)
  (-0.15,0.026)
(-0.059,-0.028)
    (0.11,0.17)
 (0.015,-0.015)
   (0.18,-0.64)
     (1.2,0.14)
   (0.75,-0.64)
   (0.18,-0.47)
          (0,0)
          (0,0)
          (0,0)
          (0,0)
