iter | Obj. | Residual (primal) | Residual (dual) | 
-----------------------------------------------
1 32 2 25 
2 13 1.4 7.2 
3 23 0.73 6.2 
4 27 0.26 2.5 
5 28 0.2 0.87 
6 29 0.12 1 
7 29 0.064 0.72 
8 29 0.041 0.44 
9 28 0.026 0.27 
10 28 0.017 0.17 
11 28 0.01 0.12 
12 28 0.0064 0.076 
13 28 0.0042 0.048 
14 28 0.0029 0.03 
15 28 0.0021 0.018 
16 28 0.0014 0.01 
17 28 0.001 0.0063 
18 28 0.00072 0.004 
19 28 0.00051 0.0028 
20 28 0.00038 0.002 
21 28 0.00028 0.0015 
22 28 0.00021 0.0011 
23 28 0.00016 0.00077 
24 28 0.00012 0.00056 
-----------------------------------------------
Elapsed time (ms): 3.4e+02
-----------------------------------------------
Solution vector:
   (0.014,0.16)
 (0.22,-0.0034)
   (0.28,0.038)
 (-0.043,-0.21)
 (-0.03,-0.014)
(-0.075,-0.023)
 (-0.058,0.041)
(-0.078,0.0043)
 (-0.099,0.062)
   (0.11,-0.11)
  (0.0068,0.01)
(0.0019,-0.046)
   (0.46,0.079)
  (-0.71,-0.66)
    (-0.71,0.2)
   (-0.33,0.23)
