iter | Obj. | Residual (primal) | Residual (dual) | 
-----------------------------------------------
1 38 2 29 
2 28 1.4 7.7 
3 42 0.55 6.6 
4 43 0.11 1.7 
5 43 0.053 0.5 
6 43 0.029 0.25 
7 43 0.017 0.14 
8 43 0.0097 0.085 
9 43 0.0057 0.051 
10 43 0.0033 0.032 
11 43 0.002 0.019 
12 43 0.0012 0.012 
13 43 0.0007 0.0074 
14 43 0.00043 0.0046 
15 43 0.00026 0.0029 
16 43 0.00016 0.0018 
-----------------------------------------------
Elapsed time (ms): 2.1e+02
-----------------------------------------------
Solution vector:
 (-0.47,-0.11)
 (-0.22,-0.72)
   (0.85,0.41)
 (0.91,-0.076)
   (-0.2,0.18)
  (-0.13,0.41)
  (0.42,-0.28)
 (-0.37,-0.33)
 (0.081,-0.15)
 (-0.089,0.29)
  (0.11,0.064)
(-0.24,-0.026)
 (-0.2,-0.099)
(-0.26,-0.049)
 (0.03,-0.035)
 (0.28,0.0089)
