iter | Obj. | Residual (primal) | Residual (dual) | 
-----------------------------------------------
1 28 1.8 26 
2 20 1.3 7.3 
3 34 0.51 7.5 
4 35 0.15 1.6 
5 35 0.076 0.66 
6 35 0.043 0.35 
7 35 0.025 0.19 
8 35 0.014 0.11 
9 35 0.0078 0.064 
10 35 0.0041 0.039 
11 35 0.002 0.025 
12 35 0.001 0.016 
13 35 0.0006 0.01 
14 35 0.00043 0.0064 
15 35 0.00033 0.004 
16 35 0.00024 0.0024 
17 35 0.00017 0.0014 
18 35 0.00011 0.00085 
-----------------------------------------------
Elapsed time (ms): 2.6e+02
-----------------------------------------------
Solution vector:
   (-0.22,0.26)
  (-0.19,-0.08)
   (-0.32,0.19)
    (-0.2,0.14)
  (0.019,-0.26)
   (0.08,0.051)
 (-0.099,-0.18)
  (0.048,0.066)
     (0.1,0.35)
   (0.26,-0.22)
 (-0.0093,0.26)
(-0.0027,-0.99)
  (-0.48,-0.12)
 (-0.024,0.065)
  (0.005,-0.51)
   (0.36,-0.14)
