iter | Obj. | Residual (primal) | Residual (dual) | 
-----------------------------------------------
1 38 2 26 
2 21 1.3 7.7 
3 30 0.72 6.5 
4 34 0.18 2.5 
5 34 0.094 0.78 
6 34 0.055 0.43 
7 34 0.033 0.25 
8 34 0.02 0.15 
9 34 0.012 0.091 
10 34 0.0073 0.058 
11 34 0.0045 0.037 
12 34 0.0028 0.023 
13 34 0.0018 0.015 
14 34 0.0011 0.0093 
15 34 0.00068 0.0058 
16 34 0.00042 0.0036 
17 34 0.00026 0.0022 
18 34 0.00016 0.0013 
19 34 9.8e-05 0.00082 
-----------------------------------------------
Elapsed time (ms): 2.7e+02
-----------------------------------------------
Solution vector:
    (0.21,-0.18)
  (-0.053,-0.42)
    (-0.24,0.39)
   (-0.24,-0.16)
  (-0.33,-0.073)
     (0.1,-0.32)
    (0.38,-0.04)
    (0.18,-0.15)
    (-0.22,0.26)
    (0.35,-0.15)
     (0.58,0.25)
   (-0.46,-0.81)
 (-0.065,-0.058)
  (0.011,-0.052)
  (-0.071,0.098)
(-0.083,-0.0036)
