iter | Obj. | Residual (primal) | Residual (dual) | 
-----------------------------------------------
1 45 2 29 
2 28 1.2 7.8 
3 39 0.49 7.1 
4 40 0.22 2.2 
5 40 0.16 1.2 
6 40 0.09 0.81 
7 40 0.046 0.57 
8 40 0.025 0.38 
9 40 0.016 0.24 
10 40 0.013 0.15 
11 40 0.011 0.082 
12 40 0.0086 0.046 
13 40 0.0064 0.031 
14 40 0.0045 0.027 
15 40 0.0029 0.025 
16 40 0.0018 0.021 
17 40 0.0011 0.016 
18 40 0.0007 0.012 
19 40 0.00053 0.0078 
20 40 0.00044 0.005 
21 40 0.00037 0.003 
22 40 0.00029 0.0018 
23 40 0.00022 0.0012 
24 40 0.00015 0.00097 
-----------------------------------------------
Elapsed time (ms): 3.3e+02
-----------------------------------------------
Solution vector:
 (0.45,-0.22)
 (0.12,-0.31)
 (-0.14,0.49)
 (-0.17,0.42)
 (0.47,-0.62)
 (0.13,-0.53)
 (-0.19,0.09)
 (0.23,-0.14)
        (0,0)
        (0,0)
        (0,0)
        (0,0)
(-0.48,-0.19)
 (0.09,-0.38)
 (0.81,-0.12)
(-0.71,0.078)
