iter | Obj. | Residual (primal) | Residual (dual) | 
-----------------------------------------------
1 34 2 24 
2 40 1.1 11 
3 47 0.35 5.6 
4 48 0.17 2.7 
5 48 0.11 1.9 
6 48 0.079 1.4 
7 49 0.071 0.69 
8 49 0.044 0.34 
9 48 0.017 0.22 
10 48 0.0098 0.14 
11 48 0.0062 0.089 
12 48 0.0039 0.059 
13 48 0.0025 0.038 
14 48 0.0016 0.025 
15 48 0.001 0.017 
16 48 0.00066 0.011 
17 48 0.00043 0.0073 
18 48 0.00028 0.0049 
19 48 0.00019 0.0032 
20 48 0.00012 0.0022 
21 48 8.2e-05 0.0014 
-----------------------------------------------
Elapsed time (ms): 2.9e+02
-----------------------------------------------
Solution vector:
    (1.2,-0.21)
  (-0.36,-0.31)
  (-0.49,-0.93)
    (0.18,0.29)
          (0,0)
          (0,0)
          (0,0)
          (0,0)
   (-0.11,0.51)
(-0.46,-0.0024)
   (0.37,-0.26)
  (0.0082,0.16)
   (0.16,-0.29)
   (0.53,-0.11)
    (0.31,0.37)
    (0.13,0.37)
