iter | Obj. | Residual (primal) | Residual (dual) | 
-----------------------------------------------
1 35 2 25 
2 26 1.4 6.8 
3 37 0.49 6.1 
4 39 0.19 1.1 
5 39 0.14 0.53 
6 39 0.1 0.46 
7 40 0.044 0.76 
8 40 0.017 0.32 
9 40 0.013 0.13 
10 40 0.0082 0.066 
11 40 0.0047 0.037 
12 40 0.0028 0.021 
13 40 0.0018 0.012 
14 40 0.0013 0.0075 
15 40 0.00097 0.0048 
16 40 0.00072 0.0032 
17 40 0.00054 0.0022 
18 40 0.00041 0.0016 
19 40 0.00031 0.0012 
20 40 0.00023 0.00087 
21 40 0.00018 0.00067 
22 40 0.00013 0.00051 
-----------------------------------------------
Elapsed time (ms): 3e+02
-----------------------------------------------
Solution vector:
    (0.3,-0.074)
   (-0.25,-0.15)
    (0.2,0.0079)
    (-0.18,0.27)
    (-0.19,0.57)
   (-0.41,-0.12)
     (0.12,0.38)
  (-0.023,-0.37)
  (-0.005,0.049)
   (0.023,0.019)
(-0.066,0.00043)
 (0.00031,0.042)
    (0.36,-0.78)
     (0.3,-0.13)
     (0.38,0.15)
    (0.45,-0.64)
