iter | Obj. | Residual (primal) | Residual (dual) | 
-----------------------------------------------
1 49 2 27 
2 54 0.93 12 
3 59 0.28 5.8 
4 58 0.18 2.7 
5 57 0.2 1.3 
6 58 0.12 0.79 
7 59 0.05 0.69 
8 59 0.02 0.43 
9 59 0.019 0.2 
10 59 0.014 0.11 
11 59 0.0073 0.084 
12 59 0.0036 0.059 
13 59 0.0024 0.036 
14 59 0.0017 0.022 
15 59 0.0011 0.015 
16 59 0.00062 0.011 
17 59 0.0004 0.0077 
18 59 0.00029 0.0054 
19 59 0.00021 0.0039 
20 59 0.00015 0.0029 
21 59 0.00011 0.0021 
-----------------------------------------------
Elapsed time (ms): 3.1e+02
-----------------------------------------------
Solution vector:
 (-0.68,-0.13)
   (-0.65,0.4)
   (-0.41,0.3)
(-0.47,-0.061)
 (-0.56,0.064)
  (-1.1,-0.53)
    (0.29,1.5)
 (-0.017,0.27)
 (-0.098,0.16)
(-0.044,0.053)
  (0.41,-0.43)
 (-0.31,-0.35)
(-0.094,-0.31)
  (0.32,-0.36)
  (-0.19,0.12)
  (0.48,-0.14)
