iter | Obj. | Residual (primal) | Residual (dual) | 
-----------------------------------------------
1 31 2 23 
2 43 1.1 9.3 
3 50 0.29 5.1 
4 51 0.11 1.3 
5 51 0.057 0.69 
6 51 0.03 0.44 
7 51 0.016 0.31 
8 51 0.01 0.23 
9 51 0.0069 0.18 
10 51 0.0051 0.14 
11 51 0.004 0.11 
12 51 0.0031 0.089 
13 51 0.0025 0.072 
14 51 0.002 0.057 
15 51 0.0016 0.046 
16 51 0.0013 0.037 
17 51 0.001 0.03 
18 51 0.00083 0.024 
19 51 0.00067 0.019 
20 51 0.00054 0.015 
21 51 0.00043 0.012 
22 51 0.00035 0.0099 
23 51 0.00028 0.008 
24 51 0.00022 0.0064 
25 51 0.00018 0.0051 
26 51 0.00014 0.0041 
27 51 0.00012 0.0033 
28 51 9.3e-05 0.0027 
29 51 7.5e-05 0.0021 
30 51 6e-05 0.0017 
-----------------------------------------------
Elapsed time (ms): 4.3e+02
-----------------------------------------------
Solution vector:
   (0.17,0.23)
   (-0.5,0.41)
    (-0.3,0.2)
   (0.64,-0.4)
   (-0.2,0.12)
  (0.23,-0.27)
  (-0.75,0.36)
 (-0.38,-0.32)
 (-0.087,0.29)
 (0.18,-0.053)
(0.069,-0.074)
(-0.13,0.0031)
   (0.33,0.53)
   (0.23,0.47)
    (0.5,0.35)
   (0.65,0.28)
