iter | Obj. | Residual (primal) | Residual (dual) | 
-----------------------------------------------
1 35 2 30 
2 22 1.4 6.5 
3 31 0.46 6.3 
4 33 0.23 1.9 
5 34 0.094 1.4 
6 34 0.034 0.72 
7 34 0.022 0.43 
8 34 0.017 0.29 
9 34 0.014 0.2 
10 34 0.011 0.14 
11 34 0.0079 0.097 
12 34 0.0057 0.066 
13 34 0.0041 0.044 
14 34 0.0029 0.03 
15 34 0.002 0.02 
16 34 0.0013 0.013 
17 34 0.00091 0.0083 
18 34 0.00061 0.0053 
19 34 0.00041 0.0034 
20 34 0.00027 0.0022 
21 34 0.00018 0.0014 
22 34 0.00012 0.00085 
-----------------------------------------------
Elapsed time (ms): 3e+02
-----------------------------------------------
Solution vector:
   (-0.1,0.12)
   (0.21,0.26)
  (-0.27,0.43)
 (-0.15,-0.01)
  (-0.32,0.54)
  (-0.29,0.07)
 (-0.093,0.69)
 (0.037,-0.61)
(0.031,-0.027)
 (0.071,0.044)
  (0.14,-0.13)
 (0.17,-0.035)
 (0.55,-0.052)
 (0.065,-0.53)
  (0.06,0.047)
 (-0.13,-0.17)
