iter | Obj. | Residual (primal) | Residual (dual) | 
-----------------------------------------------
1 34 2 26 
2 18 1.5 7 
3 34 0.67 6.9 
4 36 0.13 2.8 
5 35 0.049 0.97 
6 35 0.032 0.6 
7 35 0.024 0.43 
8 35 0.019 0.31 
9 35 0.015 0.22 
10 35 0.012 0.16 
11 35 0.0091 0.11 
12 35 0.0068 0.075 
13 35 0.005 0.052 
14 35 0.0037 0.035 
15 35 0.0026 0.024 
16 35 0.0019 0.016 
17 35 0.0013 0.011 
18 35 0.00093 0.0071 
19 35 0.00065 0.0047 
20 35 0.00045 0.003 
21 35 0.00031 0.002 
22 35 0.00021 0.0013 
23 35 0.00014 0.00083 
-----------------------------------------------
Elapsed time (ms): 3.1e+02
-----------------------------------------------
Solution vector:
    (0.067,-0.19)
   (-0.091,-0.23)
   (-0.011,0.023)
     (-0.17,0.28)
     (0.56,-0.19)
    (-0.54,0.096)
    (-0.52,-0.28)
      (-0.1,-0.2)
       (0.42,0.1)
     (-0.11,-0.3)
      (0.65,0.12)
     (0.048,0.18)
   (0.011,-0.078)
(-0.00012,-0.044)
   (-0.12,-0.039)
  (-0.0099,-0.11)
