iter | Obj. | Residual (primal) | Residual (dual) | 
-----------------------------------------------
1 32 2 26 
2 31 1.4 5.9 
3 42 0.32 7.7 
4 42 0.12 1.8 
5 42 0.081 1.1 
6 42 0.054 0.82 
7 42 0.035 0.61 
8 42 0.024 0.47 
9 42 0.017 0.37 
10 42 0.013 0.29 
11 42 0.01 0.22 
12 42 0.0082 0.17 
13 42 0.0065 0.13 
14 42 0.0051 0.1 
15 42 0.0041 0.081 
16 42 0.0032 0.063 
17 42 0.0025 0.048 
18 42 0.0019 0.037 
19 42 0.0015 0.029 
20 42 0.0011 0.022 
21 42 0.00089 0.017 
22 42 0.00068 0.013 
23 42 0.00052 0.01 
24 42 0.0004 0.0077 
25 42 0.00031 0.0059 
26 42 0.00024 0.0045 
27 42 0.00018 0.0035 
28 42 0.00014 0.0027 
29 42 0.00011 0.002 
30 42 8.2e-05 0.0016 
-----------------------------------------------
Elapsed time (ms): 4.1e+02
-----------------------------------------------
Solution vector:
 (0.49,-0.011)
(-0.036,-0.16)
 (-0.47,-0.38)
 (-0.79,-0.26)
  (0.28,-0.38)
    (0.44,0.5)
  (0.37,-0.26)
  (-0.46,0.34)
(0.044,-0.099)
    (0.16,0.2)
 (-0.25,0.075)
 (0.11,-0.063)
  (0.084,0.02)
 (-0.32,-0.53)
 (0.021,0.052)
 (-0.0011,0.1)
