iter | Obj. | Residual (primal) | Residual (dual) | 
-----------------------------------------------
1 30 2 27 
2 34 1.4 7.1 
3 43 0.37 6 
4 45 0.14 1.7 
5 45 0.061 0.73 
6 45 0.027 0.41 
7 45 0.014 0.23 
8 45 0.0081 0.13 
9 45 0.0052 0.08 
10 45 0.0033 0.049 
11 45 0.002 0.031 
12 45 0.0012 0.02 
13 45 0.00074 0.013 
14 45 0.00047 0.0085 
15 45 0.00031 0.0057 
16 45 0.00022 0.004 
17 45 0.00016 0.0028 
18 45 0.00012 0.0019 
-----------------------------------------------
Elapsed time (ms): 2.5e+02
-----------------------------------------------
Solution vector:
  (0.025,0.096)
 (0.014,-0.064)
  (-0.26,-0.16)
(-0.074,-0.071)
   (0.17,-0.26)
  (-0.044,-1.6)
    (0.24,0.61)
  (-0.41,-0.21)
   (-0.18,0.47)
   (0.16,0.092)
   (0.07,-0.28)
  (0.13,-0.084)
  (-0.098,0.21)
   (0.17,-0.58)
    (0.32,0.48)
 (-0.42,-0.053)
