iter | Obj. | Residual (primal) | Residual (dual) | 
-----------------------------------------------
1 29 2 29 
2 29 1.3 9.2 
3 39 0.43 5.4 
4 39 0.2 1.2 
5 40 0.12 0.79 
6 40 0.052 0.84 
7 40 0.026 0.4 
8 40 0.019 0.2 
9 40 0.014 0.11 
10 40 0.0092 0.069 
11 40 0.0065 0.043 
12 40 0.0048 0.028 
13 40 0.0036 0.018 
14 40 0.0027 0.013 
15 40 0.0021 0.0089 
16 40 0.0016 0.0064 
17 40 0.0012 0.0046 
18 40 0.00091 0.0034 
19 40 0.00069 0.0026 
20 40 0.00052 0.002 
21 40 0.0004 0.0015 
22 40 0.0003 0.0012 
23 40 0.00023 0.0009 
24 40 0.00017 0.0007 
25 40 0.00013 0.00054 
-----------------------------------------------
Elapsed time (ms): 3.4e+02
-----------------------------------------------
Solution vector:
    (0.3,-0.074)
   (-0.25,-0.15)
    (0.2,0.0079)
    (-0.18,0.27)
    (-0.19,0.57)
   (-0.41,-0.12)
     (0.12,0.38)
  (-0.023,-0.37)
  (-0.005,0.049)
   (0.023,0.019)
(-0.066,0.00043)
 (0.00031,0.042)
    (0.36,-0.78)
     (0.3,-0.13)
     (0.38,0.15)
    (0.45,-0.64)
