iter | Obj. | Residual (primal) | Residual (dual) | 
-----------------------------------------------
1 42 1.9 30 
2 22 1.3 8.4 
3 35 0.51 8 
4 36 0.22 2.6 
5 37 0.17 1.2 
6 37 0.073 0.61 
7 36 0.032 0.31 
8 36 0.017 0.16 
9 36 0.0091 0.086 
10 36 0.0048 0.048 
11 36 0.0025 0.026 
12 36 0.0013 0.013 
13 36 0.00066 0.0065 
14 36 0.00036 0.0032 
15 36 0.0002 0.0017 
16 36 0.00011 0.00092 
-----------------------------------------------
Elapsed time (ms): 2.3e+02
-----------------------------------------------
Solution vector:
   (0.68,0.27)
 (-0.57,0.073)
   (-0.3,0.24)
   (0.83,0.18)
   (0.46,0.28)
   (0.18,0.96)
   (0.27,0.12)
  (-0.45,0.19)
         (0,0)
         (0,0)
         (0,0)
         (0,0)
  (0.27,0.051)
   (0.41,0.39)
  (0.052,0.25)
(-0.032,0.035)
