iter | Obj. | Residual (primal) | Residual (dual) | 
-----------------------------------------------
1 44 2 27 
2 29 1.3 7.1 
3 43 0.57 6.7 
4 44 0.16 2.2 
5 44 0.08 0.94 
6 44 0.048 0.64 
7 44 0.033 0.45 
8 44 0.025 0.32 
9 44 0.019 0.22 
10 44 0.014 0.15 
11 44 0.01 0.1 
12 44 0.0071 0.066 
13 44 0.0048 0.043 
14 44 0.0032 0.028 
15 44 0.0021 0.018 
16 44 0.0013 0.011 
17 44 0.00083 0.007 
18 44 0.00049 0.0043 
19 44 0.00029 0.0027 
20 44 0.00016 0.0017 
-----------------------------------------------
Elapsed time (ms): 2.8e+02
-----------------------------------------------
Solution vector:
(-0.0021,0.0032)
   (0.024,0.018)
   (0.037,0.024)
  (0.018,-0.041)
     (0.16,-0.5)
     (0.38,-0.4)
     (0.14,0.12)
     (0.2,0.067)
  (-0.087,-0.61)
    (-0.54,0.29)
  (-0.067,-0.15)
    (0.29,-0.36)
    (-0.59,0.12)
    (0.67,-0.38)
      (0.25,0.2)
     (0.43,0.34)
