iter | Obj. | Residual (primal) | Residual (dual) | 
-----------------------------------------------
1 32 2 27 
2 33 1.2 8.2 
3 42 0.29 5.9 
4 43 0.11 1.5 
5 43 0.067 0.97 
6 43 0.042 0.71 
7 43 0.028 0.54 
8 43 0.019 0.43 
9 43 0.014 0.34 
10 43 0.011 0.27 
11 43 0.0085 0.22 
12 43 0.0068 0.18 
13 43 0.0055 0.15 
14 43 0.0044 0.12 
15 43 0.0036 0.097 
16 43 0.0029 0.079 
17 43 0.0023 0.065 
18 43 0.0019 0.053 
19 43 0.0015 0.043 
20 43 0.0013 0.035 
21 43 0.001 0.029 
22 43 0.00083 0.024 
23 43 0.00068 0.019 
24 43 0.00055 0.016 
25 43 0.00045 0.013 
26 43 0.00037 0.011 
27 43 0.0003 0.0086 
28 43 0.00024 0.007 
29 43 0.0002 0.0058 
30 43 0.00016 0.0047 
31 43 0.00013 0.0039 
32 43 0.00011 0.0032 
33 43 8.8e-05 0.0026 
34 43 7.2e-05 0.0021 
35 43 5.9e-05 0.0017 
-----------------------------------------------
Elapsed time (ms): 4.4e+02
-----------------------------------------------
Solution vector:
   (0.87,0.26)
 (-0.76,-0.34)
 (-0.33,0.099)
(-0.47,-0.086)
   (0.11,0.23)
 (0.12,-0.016)
(0.081,-0.082)
(0.088,-0.077)
   (0.4,-0.12)
 (-0.41,-0.29)
  (0.49,-0.36)
   (0.39,0.17)
(-0.018,-0.33)
  (0.093,0.18)
   (0.57,0.48)
 (-0.62,0.029)
