iter | Obj. | Residual (primal) | Residual (dual) | 
-----------------------------------------------
1 35 2 28 
2 18 1.4 6.6 
3 33 0.57 7.9 
4 35 0.14 1.7 
5 35 0.071 0.66 
6 35 0.039 0.34 
7 35 0.022 0.19 
8 35 0.012 0.12 
9 35 0.0064 0.071 
10 35 0.0038 0.044 
11 35 0.0024 0.028 
12 35 0.0016 0.018 
13 35 0.0011 0.011 
14 35 0.00072 0.0074 
15 35 0.00049 0.0048 
16 35 0.00032 0.0031 
17 35 0.00022 0.002 
18 35 0.00014 0.0013 
-----------------------------------------------
Elapsed time (ms): 2.4e+02
-----------------------------------------------
Solution vector:
    (0.53,-0.19)
    (0.25,-0.13)
     (0.21,0.62)
     (0.21,0.57)
    (0.11,-0.15)
 (-0.015,-0.095)
  (-0.35,-0.081)
    (-0.2,0.086)
    (-0.11,0.26)
(-0.0094,-0.087)
   (-0.22,-0.13)
    (0.25,0.041)
  (-0.015,-0.08)
   (0.051,-0.28)
  (-0.63,-0.094)
 (-0.083,-0.087)
