iter | Obj. | Residual (primal) | Residual (dual) | 
-----------------------------------------------
1 35 2 28 
2 24 1.3 7.6 
3 34 0.6 6.6 
4 37 0.18 2.3 
5 37 0.082 0.86 
6 37 0.046 0.51 
7 38 0.03 0.32 
8 38 0.02 0.21 
9 38 0.014 0.13 
10 38 0.0094 0.083 
11 38 0.0062 0.052 
12 38 0.004 0.032 
13 38 0.0025 0.019 
14 38 0.0016 0.012 
15 38 0.00095 0.0071 
16 38 0.00056 0.0043 
17 38 0.00033 0.0026 
18 38 0.00019 0.0017 
19 38 0.00011 0.0011 
-----------------------------------------------
Elapsed time (ms): 2.5e+02
-----------------------------------------------
Solution vector:
     (-0.3,-0.3)
    (-0.7,-0.29)
   (-0.36,-0.12)
    (0.43,-0.41)
   (-0.15,-0.21)
(-0.0023,-0.073)
     (0.2,-0.16)
  (0.28,-0.0027)
    (-0.32,0.22)
    (0.39,-0.25)
     (0.25,0.31)
      (0.2,0.51)
  (0.092,-0.036)
   (0.022,-0.28)
   (-0.13,0.013)
   (0.21,-0.014)
