iter | Obj. | Residual (primal) | Residual (dual) | 
-----------------------------------------------
1 41 2 29 
2 21 1.4 7.6 
3 35 0.62 7.7 
4 37 0.17 2.1 
5 37 0.096 0.86 
6 37 0.056 0.51 
7 37 0.034 0.31 
8 37 0.021 0.2 
9 37 0.013 0.12 
10 37 0.0078 0.075 
11 37 0.0049 0.046 
12 37 0.003 0.028 
13 37 0.0019 0.017 
14 37 0.0012 0.01 
15 37 0.00073 0.006 
16 37 0.00045 0.0036 
17 37 0.00027 0.0021 
18 37 0.00016 0.0012 
19 37 9.6e-05 0.00071 
-----------------------------------------------
Elapsed time (ms): 2.7e+02
-----------------------------------------------
Solution vector:
    (0.14,0.19)
   (-0.41,0.27)
    (-0.4,-0.1)
  (0.18,-0.054)
     (0.4,0.27)
   (0.096,0.55)
   (-0.37,0.15)
(-0.069,-0.062)
    (0.28,0.13)
   (-0.36,0.64)
   (0.3,-0.045)
    (0.22,0.41)
  (0.21,0.0038)
   (0.27,-0.14)
  (0.0085,-0.1)
 (-0.094,0.051)
