iter | Obj. | Residual (primal) | Residual (dual) | 
-----------------------------------------------
1 26 1.9 30 
2 23 1.3 9 
3 31 0.56 5.4 
4 33 0.18 2.4 
5 33 0.08 0.83 
6 33 0.036 0.36 
7 33 0.019 0.15 
8 33 0.0094 0.078 
9 33 0.0045 0.043 
10 33 0.0023 0.023 
11 33 0.0013 0.013 
12 33 0.00075 0.0077 
13 33 0.00044 0.0047 
14 33 0.00027 0.0029 
15 33 0.00017 0.0018 
16 33 0.0001 0.0011 
-----------------------------------------------
Elapsed time (ms): 2.3e+02
-----------------------------------------------
Solution vector:
   (0.016,-0.44)
   (-0.42,-0.61)
     (-0.31,0.4)
(-0.0068,-0.049)
           (0,0)
           (0,0)
           (0,0)
           (0,0)
    (0.11,-0.54)
    (0.12,0.065)
    (0.21,-0.05)
     (0.11,0.18)
    (-0.3,-0.22)
   (0.075,0.037)
   (0.24,-0.039)
     (0.8,-0.11)
