iter | Obj. | Residual (primal) | Residual (dual) | 
-----------------------------------------------
1 22 2 24 
2 18 1.5 4.3 
3 29 0.37 7.5 
4 30 0.18 1.8 
5 30 0.095 0.76 
6 30 0.048 0.38 
7 30 0.027 0.17 
8 30 0.015 0.1 
9 30 0.0075 0.071 
10 30 0.0041 0.046 
11 30 0.0027 0.026 
12 30 0.0019 0.015 
13 30 0.0013 0.01 
14 30 0.00079 0.0077 
15 30 0.00049 0.0056 
16 30 0.00032 0.0039 
17 30 0.00022 0.0026 
18 30 0.00015 0.0018 
19 30 9.8e-05 0.0013 
-----------------------------------------------
Elapsed time (ms): 2.6e+02
-----------------------------------------------
Solution vector:
          (0,0)
          (0,0)
          (0,0)
          (0,0)
  (-0.24,-0.39)
    (0.7,-0.24)
   (0.23,-0.17)
  (-0.12,-0.14)
   (0.11,-0.45)
  (-0.19,-0.43)
   (0.05,-0.53)
    (0.11,0.25)
    (-0.17,0.4)
 (-0.031,-0.12)
(-0.0009,-0.31)
   (0.27,0.084)
