iter | Obj. | Residual (primal) | Residual (dual) | 
-----------------------------------------------
1 34 2 26 
2 24 1.4 7.4 
3 35 0.61 6.4 
4 38 0.16 2.1 
5 38 0.081 0.71 
6 38 0.04 0.42 
7 38 0.019 0.25 
8 38 0.011 0.15 
9 38 0.0069 0.093 
10 38 0.0048 0.06 
11 38 0.0034 0.039 
12 38 0.0024 0.025 
13 38 0.0017 0.016 
14 38 0.0011 0.01 
15 38 0.00074 0.0064 
16 38 0.00048 0.0039 
17 38 0.0003 0.0024 
18 38 0.00019 0.0014 
19 38 0.00011 0.00085 
-----------------------------------------------
Elapsed time (ms): 2.7e+02
-----------------------------------------------
Solution vector:
     (-0.3,-0.3)
    (-0.7,-0.29)
   (-0.36,-0.12)
    (0.43,-0.41)
   (-0.15,-0.21)
(-0.0023,-0.073)
     (0.2,-0.16)
  (0.28,-0.0028)
    (-0.32,0.22)
    (0.39,-0.25)
     (0.25,0.31)
      (0.2,0.51)
  (0.092,-0.036)
   (0.022,-0.28)
   (-0.13,0.013)
   (0.21,-0.014)
