iter | Obj. | Residual (primal) | Residual (dual) | 
-----------------------------------------------
1 32 2 29 
2 35 1.2 10 
3 44 0.31 5.4 
4 44 0.15 1.3 
5 45 0.078 0.68 
6 45 0.038 0.38 
7 45 0.018 0.23 
8 45 0.0092 0.14 
9 45 0.0054 0.095 
10 45 0.0038 0.065 
11 45 0.0029 0.046 
12 45 0.0022 0.032 
13 45 0.0016 0.023 
14 45 0.0012 0.016 
15 45 0.00083 0.011 
16 45 0.00058 0.0077 
17 45 0.00041 0.0053 
18 45 0.00028 0.0037 
19 45 0.00019 0.0025 
20 45 0.00013 0.0017 
-----------------------------------------------
Elapsed time (ms): 2.8e+02
-----------------------------------------------
Solution vector:
  (0.025,0.096)
 (0.014,-0.064)
  (-0.26,-0.16)
(-0.074,-0.071)
   (0.17,-0.26)
  (-0.043,-1.6)
    (0.24,0.61)
  (-0.41,-0.21)
   (-0.18,0.47)
   (0.16,0.092)
   (0.07,-0.28)
  (0.13,-0.084)
  (-0.098,0.21)
   (0.17,-0.58)
    (0.32,0.48)
 (-0.42,-0.053)
