iter | Obj. | Residual (primal) | Residual (dual) | 
-----------------------------------------------
1 34 2 24 
2 22 1.3 7.6 
3 33 0.52 6.8 
4 35 0.14 1.8 
5 35 0.064 0.91 
6 35 0.037 0.6 
7 35 0.025 0.41 
8 36 0.018 0.28 
9 36 0.013 0.19 
10 36 0.0095 0.12 
11 36 0.0067 0.081 
12 36 0.0046 0.053 
13 36 0.0032 0.034 
14 36 0.0022 0.022 
15 36 0.0015 0.014 
16 36 0.00099 0.0088 
17 36 0.00067 0.0056 
18 36 0.00044 0.0035 
19 36 0.00029 0.0022 
20 36 0.00019 0.0014 
21 36 0.00013 0.00085 
-----------------------------------------------
Elapsed time (ms): 2.9e+02
-----------------------------------------------
Solution vector:
  (0.14,0.044)
(0.036,-0.023)
  (0.01,0.041)
 (-0.12,-0.11)
  (-0.44,0.32)
   (0.26,0.15)
   (-0.74,0.4)
  (-0.33,0.41)
 (-0.41,-0.42)
  (0.36,0.047)
 (-0.013,0.47)
 (0.27,-0.048)
(-0.43,-0.092)
   (0.33,0.27)
   (0.13,0.22)
 (0.32,-0.028)
