iter | Obj. | Residual (primal) | Residual (dual) | 
-----------------------------------------------
1 32 1.9 31 
2 23 1.4 5 
3 38 0.37 7.4 
4 38 0.11 1.2 
5 38 0.051 0.51 
6 38 0.027 0.25 
7 38 0.015 0.13 
8 38 0.0085 0.079 
9 38 0.0047 0.054 
10 38 0.0025 0.041 
11 38 0.0014 0.032 
12 38 0.00095 0.026 
13 38 0.00076 0.021 
14 38 0.00064 0.017 
15 38 0.00054 0.014 
16 38 0.00045 0.011 
17 38 0.00037 0.0091 
18 38 0.0003 0.0073 
19 38 0.00024 0.0059 
20 38 0.0002 0.0047 
21 38 0.00016 0.0038 
22 38 0.00013 0.0031 
23 38 0.0001 0.0025 
24 38 8.3e-05 0.002 
-----------------------------------------------
Elapsed time (ms): 3.3e+02
-----------------------------------------------
Solution vector:
 (-0.12,-0.21)
 (0.34,-0.033)
    (0.12,0.2)
  (0.28,-0.11)
   (0.098,0.3)
  (-0.08,0.43)
 (-0.22,-0.23)
 (-0.18,-0.21)
   (0.17,-0.3)
(-0.16,-0.037)
 (0.41,-0.053)
 (0.047,-0.24)
 (-0.37,-0.29)
(-0.21,-0.041)
   (0.29,0.37)
(-0.49,-0.053)
