iter | Obj. | Residual (primal) | Residual (dual) | 
-----------------------------------------------
1 42 1.9 28 
2 33 1.2 7 
3 45 0.51 6.7 
4 45 0.18 2.6 
5 44 0.1 1.4 
6 44 0.077 0.95 
7 44 0.059 0.65 
8 44 0.044 0.44 
9 44 0.032 0.3 
10 44 0.023 0.2 
11 44 0.016 0.13 
12 44 0.01 0.083 
13 44 0.0066 0.053 
14 44 0.0041 0.033 
15 44 0.0025 0.021 
16 44 0.0014 0.013 
17 44 0.0008 0.0086 
18 44 0.00044 0.0056 
19 44 0.00024 0.0038 
20 44 0.00015 0.0026 
21 44 0.00011 0.0018 
-----------------------------------------------
Elapsed time (ms): 2.9e+02
-----------------------------------------------
Solution vector:
(-0.0021,0.0032)
   (0.024,0.018)
   (0.037,0.024)
  (0.018,-0.041)
     (0.16,-0.5)
    (0.38,-0.41)
     (0.14,0.12)
     (0.2,0.067)
  (-0.087,-0.61)
    (-0.54,0.29)
  (-0.067,-0.15)
    (0.29,-0.36)
    (-0.59,0.12)
    (0.67,-0.38)
      (0.25,0.2)
     (0.43,0.34)
