iter | Obj. | Residual (primal) | Residual (dual) | 
-----------------------------------------------
1 25 1.8 24 
2 13 1.2 6.4 
3 25 0.57 6.8 
4 28 0.13 2.1 
5 28 0.06 0.42 
6 28 0.033 0.22 
7 28 0.019 0.13 
8 28 0.011 0.08 
9 28 0.0056 0.052 
10 28 0.0029 0.035 
11 28 0.0015 0.024 
12 28 0.00091 0.016 
13 28 0.00069 0.01 
14 28 0.00056 0.0065 
15 28 0.00043 0.004 
16 28 0.00031 0.0025 
17 28 0.00022 0.0015 
18 28 0.00015 0.00088 
19 28 9.3e-05 0.00054 
-----------------------------------------------
Elapsed time (ms): 2.5e+02
-----------------------------------------------
Solution vector:
  (-0.18,-0.15)
  (-0.19,-0.18)
   (-0.15,0.16)
     (0.47,0.1)
(-0.019,-0.045)
   (0.12,0.078)
     (0.36,0.4)
   (0.25,-0.29)
(-0.097,-0.078)
   (0.047,0.43)
 (-0.6,-0.0037)
    (0.26,0.13)
   (0.091,0.18)
  (0.045,-0.28)
   (0.2,-0.097)
(-0.094,-0.029)
