iter | Obj. | Residual (primal) | Residual (dual) | 
-----------------------------------------------
1 31 2 30 
2 27 1.5 7.7 
3 37 0.43 6 
4 39 0.2 2.3 
5 39 0.1 1.1 
6 39 0.055 0.76 
7 39 0.033 0.51 
8 39 0.023 0.35 
9 39 0.018 0.25 
10 39 0.013 0.18 
11 39 0.01 0.13 
12 39 0.0074 0.093 
13 39 0.0055 0.068 
14 39 0.004 0.049 
15 39 0.003 0.036 
16 39 0.0022 0.026 
17 39 0.0016 0.019 
18 39 0.0012 0.014 
19 39 0.00085 0.01 
20 39 0.00062 0.0072 
21 39 0.00045 0.0052 
22 39 0.00033 0.0038 
23 39 0.00024 0.0027 
24 39 0.00017 0.002 
-----------------------------------------------
Elapsed time (ms): 3.2e+02
-----------------------------------------------
Solution vector:
  (-0.36,0.054)
    (0.12,0.23)
  (0.027,-0.15)
  (-0.14,-0.17)
  (0.11,-0.016)
(-0.043,-0.026)
  (0.041,0.053)
(-0.016,-0.047)
  (-0.75,-0.39)
   (-0.69,0.63)
  (-0.084,0.86)
   (-0.84,0.72)
  (0.049,0.096)
   (0.21,0.044)
  (-0.16,0.091)
  (-0.23,-0.14)
