iter | Obj. | Residual (primal) | Residual (dual) | 
-----------------------------------------------
1 21 1.9 21 
2 23 1.4 4.9 
3 34 0.43 6.6 
4 36 0.092 1.9 
5 35 0.04 0.6 
6 35 0.026 0.31 
7 35 0.018 0.2 
8 35 0.013 0.14 
9 35 0.0097 0.093 
10 35 0.0071 0.064 
11 35 0.0051 0.043 
12 35 0.0037 0.029 
13 35 0.0026 0.019 
14 35 0.0018 0.013 
15 35 0.0013 0.0084 
16 35 0.00087 0.0055 
17 35 0.00059 0.0036 
18 35 0.0004 0.0023 
19 35 0.00027 0.0015 
20 35 0.00018 0.001 
21 35 0.00012 0.00069 
-----------------------------------------------
Elapsed time (ms): 2.8e+02
-----------------------------------------------
Solution vector:
    (0.067,-0.19)
   (-0.091,-0.23)
   (-0.011,0.023)
     (-0.17,0.28)
     (0.56,-0.19)
    (-0.54,0.096)
    (-0.52,-0.28)
      (-0.1,-0.2)
       (0.42,0.1)
     (-0.11,-0.3)
      (0.65,0.12)
     (0.048,0.18)
   (0.011,-0.078)
(-0.00013,-0.044)
   (-0.12,-0.039)
  (-0.0099,-0.11)
