iter | Obj. | Residual (primal) | Residual (dual) | 
-----------------------------------------------
1 36 2 31 
2 26 1.5 8.4 
3 37 0.37 6.3 
4 39 0.2 2 
5 39 0.11 1 
6 39 0.062 0.69 
7 39 0.035 0.48 
8 39 0.024 0.33 
9 39 0.019 0.23 
10 39 0.015 0.16 
11 39 0.011 0.12 
12 39 0.0088 0.088 
13 39 0.0067 0.065 
14 39 0.0051 0.048 
15 39 0.0039 0.035 
16 39 0.003 0.026 
17 39 0.0023 0.019 
18 39 0.0017 0.014 
19 39 0.0013 0.011 
20 39 0.001 0.0078 
21 39 0.00077 0.0058 
22 39 0.00059 0.0043 
23 39 0.00045 0.0032 
24 39 0.00035 0.0024 
25 39 0.00027 0.0018 
26 39 0.00021 0.0014 
27 39 0.00016 0.001 
-----------------------------------------------
Elapsed time (ms): 3.7e+02
-----------------------------------------------
Solution vector:
  (-0.36,0.054)
    (0.12,0.23)
  (0.027,-0.15)
  (-0.14,-0.17)
  (0.11,-0.016)
(-0.043,-0.026)
  (0.041,0.053)
(-0.016,-0.047)
  (-0.75,-0.39)
   (-0.69,0.63)
  (-0.084,0.86)
   (-0.84,0.72)
  (0.049,0.096)
   (0.21,0.044)
   (-0.16,0.09)
  (-0.23,-0.14)
