iter | Obj. | Residual (primal) | Residual (dual) | 
-----------------------------------------------
1 42 2 26 
2 38 1.1 8.8 
3 44 0.42 6.7 
4 45 0.19 2.9 
5 44 0.11 2 
6 44 0.077 1.5 
7 44 0.057 1.2 
8 44 0.046 1 
9 44 0.038 0.81 
10 44 0.031 0.66 
11 44 0.026 0.54 
12 44 0.021 0.44 
13 44 0.028 0.23 
14 44 0.017 0.1 
15 44 0.0067 0.063 
16 44 0.0031 0.027 
17 44 0.0018 0.011 
18 44 0.00097 0.0069 
19 44 0.00057 0.0045 
20 44 0.00035 0.0029 
21 44 0.00023 0.0019 
-----------------------------------------------
Elapsed time (ms): 3e+02
-----------------------------------------------
Solution vector:
          (0,0)
          (0,0)
          (0,0)
          (0,0)
    (-0.72,1.1)
   (0.39,-0.27)
       (1,0.11)
     (0.2,0.31)
(0.00024,0.011)
  (-0.16,-0.21)
  (0.27,-0.097)
   (-0.14,0.13)
   (0.39,-0.25)
  (-0.37,-0.49)
  (-0.22,-0.94)
   (-0.64,0.17)
