iter | Obj. | Residual (primal) | Residual (dual) | 
-----------------------------------------------
1 43 2 28 
2 37 1.2 10 
3 42 0.58 5.7 
4 45 0.3 2.5 
5 45 0.15 1.4 
6 45 0.07 0.89 
7 45 0.033 0.52 
8 45 0.019 0.27 
9 45 0.012 0.14 
10 45 0.0077 0.075 
11 45 0.0046 0.048 
12 45 0.0027 0.032 
13 45 0.0017 0.021 
14 45 0.0011 0.014 
15 45 0.00077 0.0088 
16 45 0.00052 0.0058 
17 45 0.00035 0.0039 
18 45 0.00024 0.0026 
19 45 0.00016 0.0018 
-----------------------------------------------
Elapsed time (ms): 2.8e+02
-----------------------------------------------
Solution vector:
         (0,0)
         (0,0)
         (0,0)
         (0,0)
  (-0.13,0.21)
(-0.039,0.052)
 (-0.15,0.077)
 (-0.13,0.072)
   (0.15,0.46)
  (0.72,-0.85)
 (-0.48,-0.44)
    (-0.9,0.2)
  (0.11,-0.44)
  (-0.54,0.15)
    (0.3,0.81)
 (-0.14,-0.22)
