iter | Obj. | Residual (primal) | Residual (dual) | 
-----------------------------------------------
1 40 2 27 
2 26 1.4 7 
3 39 0.53 6.9 
4 41 0.19 1.9 
5 41 0.098 0.95 
6 41 0.051 0.6 
7 41 0.029 0.37 
8 42 0.02 0.2 
9 42 0.014 0.094 
10 41 0.0071 0.056 
11 41 0.0034 0.037 
12 41 0.0017 0.023 
13 41 0.00097 0.013 
14 41 0.00061 0.007 
15 41 0.00037 0.0038 
16 41 0.00021 0.0022 
17 41 0.00011 0.0013 
-----------------------------------------------
Elapsed time (ms): 2.4e+02
-----------------------------------------------
Solution vector:
  (0.25,-0.17)
  (-0.62,0.36)
  (0.15,-0.47)
   (0.25,0.96)
(-0.063,-0.24)
(-0.11,-0.017)
   (0.22,0.31)
 (-0.053,-0.2)
         (0,0)
         (0,0)
         (0,0)
         (0,0)
 (-0.72,-0.34)
   (0.59,0.03)
  (0.36,-0.54)
(-0.52,0.0044)
