iter | Obj. | Residual (primal) | Residual (dual) | 
-----------------------------------------------
1 31 2 25 
2 41 1.2 9.4 
3 49 0.34 5.4 
4 49 0.11 1.3 
5 49 0.048 0.59 
6 49 0.024 0.32 
7 49 0.013 0.21 
8 49 0.0069 0.15 
9 49 0.0041 0.12 
10 49 0.0027 0.094 
11 49 0.0022 0.078 
12 49 0.0019 0.065 
13 49 0.0017 0.054 
14 49 0.0014 0.044 
15 49 0.0012 0.037 
16 49 0.001 0.03 
17 49 0.00088 0.025 
18 49 0.00073 0.021 
19 49 0.00061 0.017 
20 49 0.0005 0.014 
21 49 0.00042 0.012 
22 49 0.00034 0.0097 
23 49 0.00028 0.008 
24 49 0.00023 0.0066 
25 49 0.00019 0.0054 
26 49 0.00016 0.0045 
27 49 0.00013 0.0037 
28 49 0.00011 0.003 
29 49 8.9e-05 0.0025 
30 49 7.3e-05 0.0021 
31 49 6e-05 0.0017 
-----------------------------------------------
Elapsed time (ms): 4e+02
-----------------------------------------------
Solution vector:
   (0.025,0.3)
(-0.079,0.018)
(0.36,-0.0042)
 (-0.13,-0.19)
  (0.41,-0.14)
  (0.14,-0.54)
    (0.21,0.3)
 (-0.97,-0.78)
  (0.23,0.096)
  (-0.11,0.16)
  (0.83,-0.44)
  (0.41,-0.12)
  (-0.12,0.16)
  (0.16,0.024)
 (-0.42,-0.18)
(-0.41,-0.024)
