iter | Obj. | Residual (primal) | Residual (dual) | 
-----------------------------------------------
1 28 2 31 
2 23 1.5 6.6 
3 36 0.35 7.4 
4 37 0.11 1.2 
5 37 0.057 0.63 
6 37 0.033 0.4 
7 37 0.021 0.27 
8 37 0.014 0.19 
9 37 0.0096 0.13 
10 37 0.0067 0.096 
11 37 0.0047 0.069 
12 37 0.0033 0.049 
13 37 0.0024 0.036 
14 37 0.0017 0.026 
15 37 0.0012 0.019 
16 37 0.00088 0.013 
17 37 0.00063 0.0097 
18 37 0.00046 0.007 
19 37 0.00033 0.0051 
20 37 0.00024 0.0037 
21 37 0.00017 0.0027 
22 37 0.00013 0.002 
-----------------------------------------------
Elapsed time (ms): 3e+02
-----------------------------------------------
Solution vector:
   (0.68,-0.5)
 (0.18,-0.072)
  (-0.31,0.19)
  (-0.072,0.2)
(0.0078,0.026)
  (0.095,0.28)
   (-0.15,0.3)
   (0.16,0.19)
   (0.26,0.14)
  (0.072,0.45)
    (0.4,0.26)
 (-0.17,-0.22)
 (-0.14,-0.29)
 (-0.12,-0.21)
 (0.27,-0.043)
  (-0.78,0.31)
