iter | Obj. | Residual (primal) | Residual (dual) | 
-----------------------------------------------
1 34 1.9 25 
2 23 1.4 6.5 
3 34 0.56 6.5 
4 34 0.19 1.8 
5 34 0.12 0.87 
6 34 0.079 0.55 
7 34 0.061 0.35 
8 34 0.051 0.23 
9 34 0.044 0.16 
10 34 0.04 0.12 
11 34 0.036 0.1 
12 34 0.033 0.093 
13 34 0.03 0.084 
14 34 0.027 0.077 
15 34 0.025 0.071 
16 34 0.022 0.064 
17 34 0.02 0.059 
18 34 0.019 0.054 
19 34 0.017 0.049 
20 34 0.015 0.044 
21 34 0.014 0.04 
22 34 0.013 0.037 
23 34 0.012 0.033 
24 34 0.011 0.03 
25 34 0.0096 0.028 
26 34 0.0087 0.025 
27 34 0.0079 0.023 
28 34 0.0072 0.021 
29 35 0.0065 0.019 
30 35 0.0034 0.043 
31 35 0.0015 0.025 
32 35 0.0013 0.0095 
33 35 0.0011 0.0046 
34 35 0.0009 0.0038 
35 35 0.00079 0.0031 
36 35 0.0007 0.0027 
37 35 0.00062 0.0024 
38 35 0.00056 0.0021 
39 35 0.0005 0.0019 
40 35 0.00045 0.0017 
41 35 0.0004 0.0015 
42 35 0.00036 0.0014 
43 35 0.00032 0.0012 
44 35 0.00028 0.0011 
45 35 0.00025 0.00098 
46 35 0.00023 0.00088 
47 35 0.0002 0.00078 
48 35 0.00018 0.0007 
49 35 0.00016 0.00063 
-----------------------------------------------
Elapsed time (ms): 6.9e+02
-----------------------------------------------
Solution vector:
 (0.0053,0.00071)
 (0.00094,0.0021)
(-0.00013,0.0028)
 (-0.0011,0.0011)
    (-0.081,0.42)
      (0.37,0.11)
     (0.18,-0.54)
    (-0.1,-0.095)
    (-0.16,0.025)
      (0.083,0.2)
     (-0.3,-0.08)
  (-0.33,-0.0071)
    (-0.39,0.012)
    (-0.16,-0.59)
    (0.072,-0.27)
    (-0.45,-0.99)
