iter | Obj. | Residual (primal) | Residual (dual) | 
-----------------------------------------------
1 37 2 28 
2 19 1.5 5.2 
3 35 0.49 8.4 
4 36 0.11 1.3 
5 37 0.056 0.54 
6 37 0.031 0.37 
7 37 0.019 0.26 
8 37 0.013 0.2 
9 37 0.0095 0.15 
10 37 0.0072 0.11 
11 37 0.0054 0.082 
12 37 0.0041 0.06 
13 36 0.0031 0.045 
14 36 0.0023 0.033 
15 36 0.0017 0.024 
16 36 0.0013 0.018 
17 36 0.00093 0.013 
18 36 0.00068 0.0093 
19 36 0.0005 0.0068 
20 36 0.00036 0.0049 
21 36 0.00026 0.0036 
22 36 0.00019 0.0026 
23 36 0.00014 0.0019 
-----------------------------------------------
Elapsed time (ms): 3.1e+02
-----------------------------------------------
Solution vector:
(-0.061,0.094)
 (0.14,-0.053)
  (0.065,0.17)
(-0.17,-0.014)
  (-0.11,0.31)
(-0.88,-0.067)
  (0.69,0.046)
 (0.17,-0.024)
  (-0.4,-0.17)
(-0.18,-0.092)
 (-0.42,-0.23)
  (0.38,-0.36)
(-0.044,0.089)
   (-0.19,0.1)
  (0.38,-0.27)
  (0.098,0.32)
