iter | Obj. | Residual (primal) | Residual (dual) | 
-----------------------------------------------
1 35 2 26 
2 37 1.2 7.7 
3 47 0.32 6.6 
4 47 0.11 2.3 
5 47 0.074 1.9 
6 47 0.062 1.6 
7 47 0.056 1.3 
8 47 0.051 1.1 
9 47 0.045 0.92 
10 47 0.037 0.77 
11 47 0.03 0.65 
12 47 0.023 0.55 
13 47 0.018 0.46 
14 48 0.014 0.39 
15 47 0.025 0.22 
16 47 0.019 0.077 
17 47 0.008 0.089 
18 48 0.0025 0.059 
19 48 0.0028 0.022 
20 48 0.002 0.0074 
21 48 0.0008 0.0091 
22 48 0.00024 0.0064 
23 48 0.00027 0.0032 
24 48 0.00021 0.0017 
-----------------------------------------------
Elapsed time (ms): 3.3e+02
-----------------------------------------------
Solution vector:
     (0.022,0.29)
    (-0.037,0.24)
      (-0.2,0.23)
  (-0.093,-0.015)
     (0.11,-0.45)
     (0.067,0.36)
     (0.33,-0.41)
    (-0.36,-0.19)
   (-0.31,-0.027)
       (0.13,1.2)
     (-1.3,0.078)
    (-0.39,-0.73)
(-0.0036,-0.0097)
  (-0.014,-0.027)
   (-0.012,0.034)
    (0.024,0.036)
