iter | Obj. | Residual (primal) | Residual (dual) | 
-----------------------------------------------
1 28 2 30 
2 24 1.2 7 
3 32 0.54 6.7 
4 34 0.2 1.9 
5 34 0.1 0.71 
6 34 0.055 0.42 
7 34 0.031 0.26 
8 34 0.018 0.16 
9 34 0.01 0.097 
10 34 0.0061 0.059 
11 34 0.0036 0.036 
12 34 0.0022 0.022 
13 34 0.0013 0.013 
14 34 0.0008 0.0077 
15 34 0.00048 0.0045 
16 34 0.00029 0.0026 
17 34 0.00017 0.0015 
18 34 0.0001 0.00091 
-----------------------------------------------
Elapsed time (ms): 2.6e+02
-----------------------------------------------
Solution vector:
    (0.21,-0.18)
  (-0.053,-0.42)
    (-0.24,0.39)
   (-0.24,-0.16)
  (-0.33,-0.073)
     (0.1,-0.32)
    (0.38,-0.04)
    (0.18,-0.15)
    (-0.22,0.26)
    (0.35,-0.15)
     (0.58,0.25)
   (-0.46,-0.81)
 (-0.065,-0.058)
  (0.011,-0.052)
  (-0.071,0.098)
(-0.083,-0.0036)
