iter | Obj. | Residual (primal) | Residual (dual) | 
-----------------------------------------------
1 26 2 29 
2 27 1.4 5.2 
3 40 0.39 6.5 
4 40 0.11 1.3 
5 40 0.072 0.53 
6 40 0.045 0.36 
7 40 0.029 0.26 
8 40 0.018 0.19 
9 40 0.011 0.14 
10 40 0.0072 0.097 
11 40 0.0048 0.068 
12 40 0.0033 0.046 
13 40 0.0023 0.032 
14 40 0.0016 0.021 
15 40 0.0011 0.015 
16 40 0.00073 0.01 
17 40 0.00049 0.0069 
18 40 0.00033 0.0049 
19 40 0.00022 0.0034 
20 40 0.00015 0.0024 
21 40 9.8e-05 0.0017 
-----------------------------------------------
Elapsed time (ms): 2.7e+02
-----------------------------------------------
Solution vector:
(-0.046,-0.0056)
   (-0.069,-0.1)
 (-0.032,-0.072)
   (0.19,-0.093)
    (0.18,-0.23)
     (0.2,-0.22)
     (0.25,0.23)
     (0.15,0.08)
   (-0.63,-0.49)
    (0.25,-0.07)
   (-0.61,-0.57)
   (-0.44,-0.36)
  (-0.0066,0.25)
  (0.023,-0.066)
   (-0.19,-0.16)
    (0.025,0.41)
