iter | Obj. | Residual (primal) | Residual (dual) | 
-----------------------------------------------
1 42 2 28 
2 18 1.3 8.9 
3 25 0.8 5.9 
4 29 0.23 3.2 
5 30 0.13 0.98 
6 30 0.075 0.5 
7 30 0.042 0.32 
8 30 0.025 0.22 
9 30 0.016 0.14 
10 30 0.01 0.084 
11 30 0.0068 0.051 
12 30 0.0043 0.032 
13 30 0.0027 0.021 
14 30 0.0016 0.013 
15 30 0.001 0.0079 
16 30 0.00067 0.0047 
17 30 0.00043 0.0029 
18 30 0.00028 0.0019 
19 30 0.00018 0.0012 
20 30 0.00012 0.00081 
-----------------------------------------------
Elapsed time (ms): 2.7e+02
-----------------------------------------------
Solution vector:
          (0,0)
          (0,0)
          (0,0)
          (0,0)
  (-0.24,-0.39)
    (0.7,-0.24)
   (0.23,-0.17)
  (-0.12,-0.14)
   (0.11,-0.45)
  (-0.19,-0.43)
   (0.05,-0.53)
    (0.11,0.25)
    (-0.17,0.4)
 (-0.031,-0.12)
(-0.0009,-0.31)
   (0.27,0.084)
