iter | Obj. | Residual (primal) | Residual (dual) | 
-----------------------------------------------
1 33 2 29 
2 33 1.3 9.6 
3 42 0.44 5.9 
4 43 0.16 1.8 
5 43 0.076 0.86 
6 43 0.046 0.52 
7 43 0.03 0.34 
8 43 0.02 0.23 
9 43 0.013 0.15 
10 43 0.0089 0.1 
11 43 0.0058 0.069 
12 43 0.0038 0.046 
13 43 0.0025 0.03 
14 43 0.0016 0.02 
15 43 0.001 0.013 
16 43 0.00066 0.0085 
17 43 0.00043 0.0056 
18 43 0.00028 0.0036 
19 43 0.00018 0.0024 
20 43 0.00012 0.0016 
-----------------------------------------------
Elapsed time (ms): 2.5e+02
-----------------------------------------------
Solution vector:
 (-0.47,-0.11)
 (-0.22,-0.72)
   (0.85,0.41)
 (0.91,-0.076)
   (-0.2,0.18)
  (-0.13,0.41)
  (0.42,-0.28)
 (-0.37,-0.33)
 (0.081,-0.15)
 (-0.089,0.29)
  (0.11,0.064)
(-0.24,-0.026)
 (-0.2,-0.099)
(-0.26,-0.049)
 (0.03,-0.035)
 (0.28,0.0089)
