iter | Obj. | Residual (primal) | Residual (dual) | 
-----------------------------------------------
1 47 2 26 
2 29 1.1 11 
3 35 0.51 7.4 
4 36 0.3 3.7 
5 37 0.22 2 
6 37 0.12 0.91 
7 37 0.048 0.4 
8 36 0.018 0.16 
9 36 0.0072 0.075 
10 36 0.0032 0.043 
11 36 0.0015 0.024 
12 36 0.00088 0.012 
13 36 0.00056 0.0063 
14 36 0.00035 0.0035 
15 36 0.00021 0.0021 
16 36 0.00012 0.0013 
-----------------------------------------------
Elapsed time (ms): 2.3e+02
-----------------------------------------------
Solution vector:
   (0.68,0.27)
 (-0.57,0.073)
   (-0.3,0.24)
   (0.83,0.18)
   (0.46,0.28)
   (0.18,0.96)
   (0.27,0.12)
  (-0.45,0.19)
         (0,0)
         (0,0)
         (0,0)
         (0,0)
  (0.27,0.051)
   (0.41,0.39)
  (0.052,0.25)
(-0.032,0.035)
