iter | Obj. | Residual (primal) | Residual (dual) | 
-----------------------------------------------
1 20 2 24 
2 26 1.4 4.4 
3 37 0.36 6.8 
4 36 0.08 1.3 
5 36 0.045 0.51 
6 36 0.03 0.33 
7 36 0.022 0.21 
8 36 0.017 0.13 
9 36 0.013 0.081 
10 36 0.0092 0.048 
11 36 0.0064 0.031 
12 36 0.0043 0.023 
13 36 0.0027 0.019 
14 36 0.0016 0.016 
15 36 0.0009 0.014 
16 36 0.0005 0.011 
17 36 0.00033 0.008 
18 36 0.00028 0.0058 
19 36 0.00025 0.004 
20 36 0.00022 0.0027 
21 36 0.00018 0.0017 
22 36 0.00014 0.001 
23 36 0.00011 0.00061 
-----------------------------------------------
Elapsed time (ms): 3e+02
-----------------------------------------------
Solution vector:
  (-0.24,0.093)
(-0.089,-0.023)
    (0.19,0.11)
     (-0.3,0.2)
   (-0.15,0.12)
  (0.068,0.021)
   (-0.1,-0.16)
(-0.096,-0.038)
 (-0.023,-0.27)
    (0.21,-0.1)
   (-0.46,0.16)
   (0.43,-0.24)
 (-0.31,0.0017)
    (-0.36,0.7)
(0.0048,-0.052)
   (0.2,-0.097)
