iter | Obj. | Residual (primal) | Residual (dual) | 
-----------------------------------------------
1 43 1.9 30 
2 21 1.5 6 
3 36 0.46 8.2 
4 37 0.15 2.1 
5 37 0.087 1.2 
6 37 0.058 0.84 
7 37 0.041 0.57 
8 37 0.03 0.38 
9 38 0.022 0.25 
10 38 0.015 0.17 
11 38 0.011 0.11 
12 38 0.0073 0.068 
13 38 0.0048 0.043 
14 38 0.0031 0.026 
15 38 0.002 0.016 
16 38 0.0012 0.0097 
17 38 0.00074 0.0057 
18 38 0.00044 0.0034 
19 38 0.00025 0.002 
20 38 0.00014 0.0012 
-----------------------------------------------
Elapsed time (ms): 2.8e+02
-----------------------------------------------
Solution vector:
     (-0.3,-0.3)
    (-0.7,-0.29)
   (-0.36,-0.12)
    (0.43,-0.41)
   (-0.15,-0.21)
(-0.0023,-0.073)
     (0.2,-0.16)
  (0.28,-0.0027)
    (-0.32,0.22)
    (0.39,-0.25)
     (0.25,0.31)
      (0.2,0.51)
  (0.092,-0.036)
   (0.022,-0.28)
   (-0.13,0.013)
   (0.21,-0.014)
