iter | Obj. | Residual (primal) | Residual (dual) | 
-----------------------------------------------
1 41 2 30 
2 14 1.1 11 
3 20 1 4.8 
4 27 0.33 3.4 
5 28 0.16 1.7 
6 27 0.063 0.82 
7 27 0.028 0.38 
8 27 0.017 0.16 
9 27 0.012 0.075 
10 27 0.0075 0.045 
11 27 0.0049 0.03 
12 27 0.0033 0.021 
13 27 0.0023 0.014 
14 27 0.0017 0.01 
15 27 0.0012 0.0071 
16 27 0.00087 0.0051 
17 27 0.00063 0.0037 
18 27 0.00046 0.0026 
19 27 0.00033 0.0019 
20 27 0.00024 0.0014 
21 27 0.00018 0.00099 
22 27 0.00013 0.00071 
23 27 9.3e-05 0.00051 
-----------------------------------------------
Elapsed time (ms): 3.3e+02
-----------------------------------------------
Solution vector:
 (-0.15,-0.041)
 (-0.01,-0.047)
  (0.021,-0.17)
(-0.15,-0.0089)
  (0.066,0.086)
  (-0.084,0.22)
 (-0.074,0.032)
  (-0.14,-0.04)
  (0.18,-0.046)
   (-0.31,0.71)
  (-0.69,-0.07)
     (0.38,0.2)
 (0.051,-0.041)
 (-0.084,0.003)
  (0.079,0.075)
 (-0.063,-0.18)
