iter | Obj. | Residual (primal) | Residual (dual) | 
-----------------------------------------------
1 22 2 25 
2 23 1.3 6.9 
3 33 0.5 6.7 
4 34 0.2 1.3 
5 33 0.071 0.57 
6 33 0.024 0.3 
7 33 0.013 0.12 
8 33 0.0073 0.06 
9 33 0.0037 0.032 
10 33 0.0019 0.017 
11 33 0.001 0.0086 
12 33 0.00056 0.0046 
13 33 0.00032 0.0026 
14 33 0.00018 0.0015 
15 33 0.0001 0.00087 
-----------------------------------------------
Elapsed time (ms): 2.2e+02
-----------------------------------------------
Solution vector:
   (0.016,-0.44)
   (-0.42,-0.61)
     (-0.31,0.4)
(-0.0068,-0.049)
           (0,0)
           (0,0)
           (0,0)
           (0,0)
    (0.11,-0.54)
    (0.12,0.065)
    (0.21,-0.05)
     (0.11,0.18)
    (-0.3,-0.22)
   (0.075,0.037)
   (0.24,-0.039)
     (0.8,-0.11)
