iter | Obj. | Residual (primal) | Residual (dual) | 
-----------------------------------------------
1 31 2 27 
2 29 1.2 7.6 
3 36 0.53 5.3 
4 39 0.16 2.6 
5 39 0.063 0.74 
6 39 0.034 0.39 
7 39 0.02 0.23 
8 39 0.013 0.15 
9 39 0.0082 0.098 
10 39 0.0056 0.066 
11 39 0.0038 0.044 
12 39 0.0027 0.03 
13 39 0.0019 0.021 
14 39 0.0014 0.014 
15 39 0.001 0.0095 
16 39 0.00074 0.0064 
17 39 0.00054 0.0043 
18 39 0.00039 0.0029 
19 39 0.00028 0.002 
20 39 0.0002 0.0013 
21 39 0.00015 0.0009 
-----------------------------------------------
Elapsed time (ms): 3.1e+02
-----------------------------------------------
Solution vector:
(0.09,0.064)
(0.12,-0.17)
(0.011,0.11)
(0.12,0.025)
 (0.3,-0.47)
(-0.31,0.26)
(-0.2,-0.53)
  (0.2,0.18)
 (0.59,-0.1)
 (0.59,0.39)
 (0.03,0.36)
(0.14,-0.36)
(0.066,0.28)
(0.035,0.38)
(0.49,-0.13)
(0.026,-0.1)
