iter | Obj. | Residual (primal) | Residual (dual) | 
-----------------------------------------------
1 72 2 32 
2 62 1.4 9.3 
3 75 0.42 6.2 
4 75 0.13 1.7 
5 75 0.063 0.85 
6 75 0.033 0.51 
7 75 0.019 0.33 
8 75 0.012 0.23 
9 74 0.0078 0.16 
10 74 0.0055 0.11 
11 74 0.0039 0.076 
12 74 0.0028 0.053 
13 74 0.0019 0.037 
14 74 0.0014 0.026 
15 74 0.00097 0.018 
16 74 0.00068 0.013 
17 74 0.00048 0.0091 
18 74 0.00034 0.0064 
19 74 0.00024 0.0046 
20 74 0.00017 0.0032 
21 74 0.00012 0.0023 
22 74 8.8e-05 0.0016 
-----------------------------------------------
Elapsed time (ms): 3.1e+02
-----------------------------------------------
Solution vector:
 (-0.068,0.016)
  (-0.26,-0.73)
   (-0.51,0.84)
  (-0.072,-1.2)
     (-0.1,0.2)
  (-0.29,0.056)
   (-0.22,0.11)
  (-0.23,-0.12)
   (-0.48,-0.1)
   (-0.29,0.25)
   (0.42,-0.44)
  (-0.31,-0.68)
(-0.062,-0.034)
     (0.4,0.12)
   (0.22,-0.16)
   (-0.58,0.25)
