iter | Obj. | Residual (primal) | Residual (dual) | 
-----------------------------------------------
1 29 2 25 
2 23 1.3 7.1 
3 35 0.49 6.3 
4 35 0.12 1.5 
5 35 0.057 0.5 
6 35 0.031 0.25 
7 35 0.017 0.14 
8 35 0.0093 0.075 
9 35 0.0049 0.043 
10 35 0.0025 0.025 
11 35 0.0012 0.015 
12 35 0.00066 0.0094 
13 35 0.00042 0.0058 
14 35 0.0003 0.0035 
15 35 0.00022 0.0021 
16 35 0.00015 0.0013 
-----------------------------------------------
Elapsed time (ms): 2.5e+02
-----------------------------------------------
Solution vector:
   (-0.22,0.26)
  (-0.19,-0.08)
   (-0.32,0.19)
    (-0.2,0.14)
  (0.019,-0.26)
   (0.08,0.051)
 (-0.099,-0.18)
  (0.048,0.066)
     (0.1,0.35)
   (0.26,-0.22)
 (-0.0094,0.26)
(-0.0028,-0.99)
  (-0.48,-0.12)
 (-0.024,0.065)
 (0.0049,-0.51)
   (0.36,-0.14)
