iter | Obj. | Residual (primal) | Residual (dual) | 
-----------------------------------------------
1 32 2 21 
2 34 1.2 11 
3 43 0.47 5.5 
4 45 0.2 1.8 
5 45 0.098 0.95 
6 45 0.046 0.5 
7 45 0.022 0.26 
8 45 0.01 0.13 
9 45 0.0054 0.065 
10 45 0.003 0.034 
11 45 0.0017 0.02 
12 45 0.0011 0.012 
13 45 0.00066 0.008 
14 45 0.00042 0.0053 
15 45 0.00027 0.0036 
16 45 0.00018 0.0025 
17 45 0.00012 0.0017 
-----------------------------------------------
Elapsed time (ms): 2.4e+02
-----------------------------------------------
Solution vector:
  (0.025,0.096)
 (0.014,-0.064)
  (-0.26,-0.16)
(-0.074,-0.071)
   (0.17,-0.26)
  (-0.043,-1.6)
    (0.24,0.61)
  (-0.41,-0.21)
   (-0.18,0.47)
   (0.16,0.092)
   (0.07,-0.28)
  (0.13,-0.084)
  (-0.098,0.21)
   (0.17,-0.58)
    (0.32,0.48)
 (-0.42,-0.053)
