iter | Obj. | Residual (primal) | Residual (dual) | 
-----------------------------------------------
1 32 1.9 30 
2 28 1.4 7.3 
3 41 0.32 6.8 
4 43 0.14 1.2 
5 43 0.073 0.6 
6 43 0.038 0.35 
7 43 0.02 0.21 
8 43 0.011 0.13 
9 43 0.0059 0.076 
10 43 0.0034 0.048 
11 43 0.002 0.031 
12 43 0.0012 0.021 
13 43 0.00077 0.014 
14 43 0.00051 0.01 
15 43 0.00036 0.0073 
16 43 0.00026 0.0053 
17 43 0.0002 0.0039 
18 43 0.00014 0.0029 
19 43 0.00011 0.0022 
20 43 7.9e-05 0.0016 
-----------------------------------------------
Elapsed time (ms): 2.5e+02
-----------------------------------------------
Solution vector:
   (0.87,0.26)
 (-0.76,-0.34)
 (-0.33,0.099)
(-0.48,-0.086)
   (0.11,0.23)
 (0.12,-0.016)
(0.082,-0.082)
(0.088,-0.077)
   (0.4,-0.12)
 (-0.41,-0.29)
  (0.49,-0.36)
   (0.39,0.17)
(-0.018,-0.33)
  (0.093,0.18)
   (0.57,0.48)
 (-0.62,0.029)
