iter | Obj. | Residual (primal) | Residual (dual) | 
-----------------------------------------------
1 37 2 32 
2 34 1.3 7.2 
3 44 0.38 6.8 
4 44 0.13 1.7 
5 45 0.074 1 
6 45 0.047 0.69 
7 45 0.032 0.45 
8 45 0.022 0.3 
9 45 0.015 0.2 
10 45 0.01 0.13 
11 45 0.0068 0.084 
12 45 0.0044 0.054 
13 45 0.0029 0.035 
14 45 0.0019 0.023 
15 45 0.0012 0.015 
16 45 0.00076 0.0093 
17 45 0.00048 0.006 
18 45 0.00031 0.0038 
19 45 0.00019 0.0025 
20 45 0.00012 0.0016 
-----------------------------------------------
Elapsed time (ms): 2.9e+02
-----------------------------------------------
Solution vector:
   (0.032,-0.42)
     (0.59,0.18)
    (0.39,-0.55)
    (0.61,0.044)
     (-0.14,0.3)
     (-0.97,0.1)
  (0.25,-0.0078)
  (-0.64,-0.086)
    (0.031,0.36)
    (0.053,0.14)
     (-0.1,0.49)
     (0.34,0.16)
 (-0.083,-0.098)
    (0.16,0.043)
  (0.034,-0.023)
(0.00056,-0.051)
