iter | Obj. | Residual (primal) | Residual (dual) | 
-----------------------------------------------
1 29 2 33 
2 36 1.2 11 
3 44 0.26 5.7 
4 44 0.11 1.5 
5 44 0.063 0.86 
6 44 0.038 0.52 
7 44 0.022 0.33 
8 44 0.013 0.21 
9 44 0.0079 0.13 
10 44 0.0049 0.081 
11 44 0.003 0.052 
12 44 0.0019 0.033 
13 44 0.0012 0.021 
14 44 0.00077 0.013 
15 44 0.00049 0.0086 
16 44 0.00031 0.0055 
17 44 0.0002 0.0035 
18 44 0.00013 0.0023 
19 44 8.3e-05 0.0015 
-----------------------------------------------
Elapsed time (ms): 2.7e+02
-----------------------------------------------
Solution vector:
  (-0.092,-0.14)
   (-0.16,-0.52)
    (-0.54,0.92)
     (-0.15,0.3)
 (-0.037,0.0016)
(0.0011,-0.0034)
   (-0.028,0.06)
  (-0.012,0.035)
   (-0.24,-0.25)
    (0.61,-0.41)
  (-0.085,-0.11)
    (0.42,-0.42)
    (0.012,-0.3)
    (-0.27,0.26)
   (-0.73,-0.89)
   (-0.53,-0.27)
