iter | Obj. | Residual (primal) | Residual (dual) | 
-----------------------------------------------
1 31 2 26 
2 25 1.4 7.8 
3 35 0.43 6.9 
4 36 0.18 2.6 
5 36 0.11 1.8 
6 36 0.072 1.4 
7 36 0.055 1.1 
8 36 0.045 0.89 
9 36 0.038 0.69 
10 36 0.031 0.54 
11 36 0.024 0.41 
12 36 0.019 0.31 
13 37 0.015 0.24 
14 37 0.011 0.18 
15 37 0.0085 0.14 
16 37 0.0065 0.1 
17 37 0.005 0.079 
18 37 0.0038 0.06 
19 37 0.0029 0.045 
20 37 0.0022 0.034 
21 37 0.0017 0.026 
22 37 0.0013 0.019 
23 37 0.00095 0.014 
24 37 0.00072 0.011 
25 37 0.00054 0.0082 
26 37 0.00041 0.0061 
27 37 0.00031 0.0046 
28 37 0.00023 0.0034 
29 37 0.00017 0.0026 
30 37 0.00013 0.0019 
-----------------------------------------------
Elapsed time (ms): 3.9e+02
-----------------------------------------------
Solution vector:
(0.0047,0.012)
(0.011,-0.068)
(0.042,-0.002)
 (0.025,0.031)
   (0.13,0.36)
 (-0.089,0.13)
(0.011,-0.018)
(-0.093,-0.24)
 (-0.13,-0.07)
  (0.03,-0.12)
   (-0.1,0.19)
(-0.37,-0.094)
   (-0.53,1.2)
   (0.35,0.55)
 (-0.82,-0.26)
    (0.4,0.53)
