iter | Obj. | Residual (primal) | Residual (dual) | 
-----------------------------------------------
1 22 1.9 26 
2 24 1.3 6.4 
3 34 0.29 6.8 
4 34 0.13 1.1 
5 35 0.081 0.65 
6 35 0.05 0.42 
7 35 0.032 0.28 
8 35 0.02 0.19 
9 35 0.013 0.12 
10 35 0.0088 0.078 
11 35 0.0057 0.049 
12 35 0.0037 0.03 
13 35 0.0023 0.019 
14 35 0.0015 0.011 
15 35 0.00089 0.0067 
16 35 0.00053 0.004 
17 35 0.00032 0.0024 
18 35 0.00019 0.0014 
19 35 0.00011 0.00089 
-----------------------------------------------
Elapsed time (ms): 2.5e+02
-----------------------------------------------
Solution vector:
  (0.035,-0.02)
   (0.22,-0.13)
   (0.13,-0.21)
  (-0.015,0.28)
   (0.77,-0.44)
   (0.14,-0.27)
   (0.16,0.091)
  (-0.86,-0.24)
(-0.0053,0.078)
  (-0.027,0.11)
 (0.077,-0.046)
   (0.014,0.16)
   (-0.37,-0.4)
 (-0.022,-0.36)
  (-0.1,-0.042)
    (0.24,0.54)
