iter | Obj. | Residual (primal) | Residual (dual) | 
-----------------------------------------------
1 25 2 28 
2 17 1.7 4.8 
3 32 0.38 7.5 
4 34 0.1 1.6 
5 34 0.047 0.55 
6 34 0.025 0.28 
7 34 0.015 0.15 
8 34 0.0095 0.084 
9 34 0.0062 0.047 
10 34 0.0041 0.027 
11 34 0.0027 0.016 
12 34 0.0017 0.01 
13 34 0.0011 0.0068 
14 34 0.00073 0.0047 
15 34 0.00046 0.0033 
16 34 0.0003 0.0023 
17 34 0.00019 0.0016 
18 34 0.00012 0.0011 
-----------------------------------------------
Elapsed time (ms): 2.5e+02
-----------------------------------------------
Solution vector:
  (-0.19,0.12)
  (0.068,0.75)
  (0.29,0.016)
  (-0.45,0.14)
(0.018,-0.099)
    (0.11,0.1)
  (0.11,-0.14)
 (-0.065,0.23)
 (-0.14,-0.12)
(0.09,-0.0023)
  (0.27,-0.14)
(-0.031,0.085)
  (-0.17,0.53)
 (-0.14,-0.26)
   (-0.54,0.1)
   (0.02,0.22)
