iter | Obj. | Residual (primal) | Residual (dual) | 
-----------------------------------------------
1 38 2 27 
2 20 1.2 10 
3 30 0.89 6.3 
4 34 0.18 2.8 
5 34 0.077 0.71 
6 34 0.039 0.33 
7 34 0.02 0.17 
8 34 0.01 0.089 
9 34 0.0056 0.05 
10 34 0.0032 0.03 
11 34 0.0019 0.018 
12 34 0.0012 0.011 
13 34 0.00075 0.0072 
14 34 0.00048 0.0045 
15 34 0.00032 0.0028 
16 34 0.00021 0.0017 
17 34 0.00014 0.001 
-----------------------------------------------
Elapsed time (ms): 2.5e+02
-----------------------------------------------
Solution vector:
  (-0.19,0.12)
  (0.068,0.75)
  (0.29,0.016)
  (-0.45,0.14)
(0.018,-0.099)
    (0.11,0.1)
  (0.11,-0.14)
 (-0.065,0.23)
 (-0.14,-0.12)
(0.09,-0.0023)
  (0.27,-0.14)
(-0.031,0.085)
  (-0.17,0.53)
 (-0.14,-0.26)
   (-0.54,0.1)
   (0.02,0.22)
