iter | Obj. | Residual (primal) | Residual (dual) | 
-----------------------------------------------
1 35 2 23 
2 19 1.5 7.3 
3 36 0.69 8.2 
4 38 0.087 1.9 
5 38 0.045 0.56 
6 38 0.026 0.37 
7 38 0.016 0.27 
8 38 0.011 0.21 
9 38 0.0079 0.17 
10 38 0.006 0.13 
11 38 0.0046 0.11 
12 38 0.0036 0.084 
13 38 0.0029 0.068 
14 38 0.0023 0.054 
15 38 0.0018 0.044 
16 38 0.0015 0.035 
17 38 0.0012 0.028 
18 38 0.00095 0.023 
19 38 0.00077 0.018 
20 38 0.00062 0.015 
21 38 0.0005 0.012 
22 38 0.0004 0.0094 
23 38 0.00032 0.0076 
24 38 0.00026 0.0061 
25 38 0.00021 0.0049 
26 38 0.00017 0.0039 
27 38 0.00013 0.0031 
28 38 0.00011 0.0025 
29 38 8.6e-05 0.002 
30 38 6.9e-05 0.0016 
-----------------------------------------------
Elapsed time (ms): 4e+02
-----------------------------------------------
Solution vector:
 (-0.12,-0.21)
 (0.34,-0.033)
    (0.12,0.2)
  (0.28,-0.11)
   (0.097,0.3)
  (-0.08,0.43)
 (-0.22,-0.23)
 (-0.18,-0.21)
   (0.17,-0.3)
(-0.16,-0.037)
 (0.41,-0.053)
 (0.048,-0.24)
 (-0.37,-0.29)
(-0.21,-0.041)
   (0.29,0.37)
(-0.49,-0.053)
