iter | Obj. | Residual (primal) | Residual (dual) | 
-----------------------------------------------
1 26 2 24 
2 12 1.5 7.2 
3 21 0.7 5.8 
4 27 0.27 2.5 
5 28 0.15 1.5 
6 27 0.065 0.78 
7 27 0.036 0.37 
8 27 0.024 0.18 
9 27 0.016 0.1 
10 27 0.011 0.063 
11 27 0.0073 0.042 
12 27 0.0051 0.029 
13 27 0.0036 0.02 
14 27 0.0026 0.014 
15 27 0.0019 0.01 
16 27 0.0014 0.0074 
17 27 0.00099 0.0053 
18 27 0.00072 0.0038 
19 27 0.00053 0.0028 
20 27 0.00039 0.002 
21 27 0.00028 0.0014 
22 27 0.00021 0.001 
23 27 0.00015 0.00073 
24 27 0.00011 0.00052 
-----------------------------------------------
Elapsed time (ms): 3.4e+02
-----------------------------------------------
Solution vector:
 (-0.15,-0.041)
 (-0.01,-0.047)
  (0.021,-0.17)
(-0.15,-0.0089)
  (0.066,0.086)
  (-0.084,0.22)
 (-0.074,0.032)
  (-0.14,-0.04)
  (0.18,-0.046)
   (-0.31,0.71)
  (-0.69,-0.07)
     (0.38,0.2)
 (0.051,-0.041)
 (-0.084,0.003)
  (0.079,0.075)
 (-0.063,-0.18)
