iter | Obj. | Residual (primal) | Residual (dual) | 
-----------------------------------------------
1 28 1.9 23 
2 21 1.3 6.6 
3 30 0.64 5.8 
4 34 0.11 2.6 
5 34 0.048 0.57 
6 34 0.024 0.24 
7 34 0.012 0.11 
8 34 0.0057 0.053 
9 34 0.0028 0.027 
10 34 0.0015 0.014 
11 34 0.00089 0.0073 
12 34 0.00054 0.004 
13 34 0.00032 0.0022 
14 34 0.00019 0.0013 
15 34 0.00011 0.0008 
-----------------------------------------------
Elapsed time (ms): 2.1e+02
-----------------------------------------------
Solution vector:
  (-0.19,0.12)
  (0.068,0.75)
  (0.29,0.016)
  (-0.45,0.14)
(0.018,-0.099)
    (0.11,0.1)
  (0.11,-0.14)
 (-0.065,0.23)
 (-0.14,-0.12)
(0.09,-0.0023)
  (0.27,-0.14)
(-0.031,0.085)
  (-0.17,0.53)
 (-0.14,-0.26)
   (-0.54,0.1)
   (0.02,0.22)
