iter | Obj. | Residual (primal) | Residual (dual) | 
-----------------------------------------------
1 30 2 25 
2 26 1.4 6.4 
3 38 0.53 6.6 
4 39 0.15 1.9 
5 39 0.093 0.86 
6 39 0.062 0.6 
7 39 0.042 0.42 
8 39 0.029 0.29 
9 39 0.02 0.2 
10 39 0.014 0.14 
11 39 0.0097 0.091 
12 39 0.0069 0.06 
13 39 0.0048 0.04 
14 39 0.0033 0.026 
15 39 0.0023 0.017 
16 39 0.0015 0.011 
17 39 0.001 0.0072 
18 39 0.00068 0.0047 
19 39 0.00044 0.0031 
20 39 0.00028 0.0021 
21 39 0.00017 0.0015 
22 39 0.00011 0.0011 
-----------------------------------------------
Elapsed time (ms): 3.2e+02
-----------------------------------------------
Solution vector:
  (-0.27,-0.15)
  (0.027,-0.19)
    (-0.1,0.16)
  (0.21,-0.009)
 (-0.037,0.094)
   (0.17,0.051)
(-0.059,-0.065)
   (0.014,0.12)
    (0.21,0.17)
 (-0.18,-0.022)
    (0.15,0.31)
    (0.23,0.13)
  (-0.35,-0.55)
  (-0.13,0.036)
  (-0.71,-0.62)
   (-0.64,0.17)
