iter | Obj. | Residual (primal) | Residual (dual) | 
-----------------------------------------------
1 38 2 30 
2 22 1.3 7.9 
3 30 0.63 6 
4 33 0.22 2.5 
5 34 0.093 1.1 
6 34 0.048 0.51 
7 34 0.03 0.24 
8 34 0.019 0.13 
9 34 0.012 0.082 
10 34 0.0072 0.053 
11 34 0.0044 0.035 
12 34 0.0027 0.023 
13 34 0.0017 0.014 
14 34 0.0011 0.0091 
15 34 0.00066 0.0057 
16 34 0.00041 0.0035 
17 34 0.00025 0.0022 
18 34 0.00016 0.0013 
-----------------------------------------------
Elapsed time (ms): 2.7e+02
-----------------------------------------------
Solution vector:
    (0.21,-0.18)
  (-0.053,-0.42)
    (-0.24,0.39)
   (-0.24,-0.16)
  (-0.33,-0.073)
     (0.1,-0.32)
    (0.38,-0.04)
    (0.18,-0.15)
    (-0.22,0.26)
    (0.35,-0.15)
     (0.58,0.25)
   (-0.46,-0.81)
 (-0.065,-0.058)
  (0.011,-0.052)
  (-0.071,0.098)
(-0.083,-0.0036)
