iter | Obj. | Residual (primal) | Residual (dual) | 
-----------------------------------------------
1 24 2 25 
2 24 1.4 6.9 
3 37 0.45 6.4 
4 38 0.12 1.3 
5 38 0.051 0.57 
6 38 0.021 0.3 
7 37 0.0096 0.17 
8 37 0.0058 0.1 
9 37 0.0042 0.062 
10 37 0.0032 0.039 
11 37 0.0023 0.024 
12 37 0.0016 0.015 
13 37 0.001 0.0094 
14 37 0.00067 0.0058 
15 37 0.00042 0.0035 
16 37 0.00025 0.0021 
17 37 0.00015 0.0012 
-----------------------------------------------
Elapsed time (ms): 2.5e+02
-----------------------------------------------
Solution vector:
    (0.14,0.19)
   (-0.41,0.27)
    (-0.4,-0.1)
  (0.18,-0.054)
     (0.4,0.27)
   (0.096,0.55)
   (-0.37,0.15)
(-0.069,-0.062)
    (0.28,0.13)
   (-0.36,0.64)
   (0.3,-0.045)
    (0.22,0.41)
  (0.21,0.0038)
   (0.27,-0.14)
  (0.0086,-0.1)
 (-0.094,0.051)
