iter | Obj. | Residual (primal) | Residual (dual) | 
-----------------------------------------------
1 32 1.9 21 
2 27 1.3 6.7 
3 33 0.63 4.3 
4 37 0.3 2.5 
5 39 0.14 1.8 
6 39 0.057 0.81 
7 39 0.031 0.32 
8 39 0.02 0.15 
9 39 0.012 0.098 
10 39 0.0071 0.065 
11 39 0.0045 0.043 
12 39 0.0028 0.029 
13 39 0.0018 0.02 
14 39 0.0012 0.014 
15 39 0.00083 0.0099 
16 39 0.0006 0.007 
17 39 0.00045 0.005 
18 39 0.00035 0.0034 
19 39 0.00028 0.0023 
20 39 0.00023 0.0015 
21 39 0.00018 0.001 
22 39 0.00014 0.00066 
-----------------------------------------------
Elapsed time (ms): 3.2e+02
-----------------------------------------------
Solution vector:
   (-0.24,0.48)
   (-0.33,0.78)
   (0.19,0.015)
     (1.2,0.73)
   (-0.047,0.1)
(-0.081,0.0018)
  (0.058,0.021)
 (0.0081,0.027)
  (0.14,-0.046)
 (-0.094,0.096)
 (-0.096,-0.16)
     (0.04,0.1)
  (-0.15,0.014)
  (0.058,-0.23)
   (-0.1,-0.24)
 (0.037,-0.028)
